//////////////////////////////////////////////////////////////////////////////////////////////////////////////////////////////
// Sistema de Quests by louis
//////////////////////////////////////////////////////////////////////////////////////////////////////////////////////////////

//////////////////////////////////////////////////////////////////////////////////////////////////////////////////////////////
// MaxQuest - Max Number of quests that can be performed (0 = unlimited)
// OpenNpc  - Open the normal Npc (Shop, CustomNpcMove, CustomNpcCommand, etc) 
//  -> 0 = Disable 
//  -> 1 = Enable
//////////////////////////////////////////////////////////////////////////////////////////////////////////////////////////////
0
	//Quest	  NpcIndex   NpcMap  NpcX  NpcY  MaxQuest  OpenNpc	
	1	  254	     0	     145   120   0         0
	2	  254	     0       147   120   1         0
//Harmony 
	//9	  254	     0	     145   120   0         0
end


//////////////////////////////////////////////////////////////////////////////////////////////////////////////////////////////
// Require Character Stats
// Max 1 line per quest
//////////////////////////////////////////////////////////////////////////////////////////////////////////////////////////////
1
	//Quest	Level	Reset	MReset	Zen	WC	WP	GP	VipLvl	RankUser Kills 		
	1	20	*	*	1000	0 	0	0	*	*	 *
	2	200	*	*	1000	0 	0	0	*	*	 *
end

//////////////////////////////////////////////////////////////////////////////////////////////////////////////////////////////
// Require Item
// O item ser  removido - The Item will be removed
//	Luck: 	0 = sem luck, 	1 = com luck, 	* = qualquer
//	Skill: 	0 = sem skill, 	1 = com skill, 	* = qualquer
//////////////////////////////////////////////////////////////////////////////////////////////////////////////////////////////
2
	//Quest	Cat	Item	Level	Luck	Skill	Qtd
	1	14	14	*	*	*	5
	1	1	4	10	1	0	1
//Harmony	 
	9	12	140	2	*	*	1
end

//////////////////////////////////////////////////////////////////////////////////////////////////////////////////////////////
// Require Monster Kill
// Max 1 monster type per quest
//////////////////////////////////////////////////////////////////////////////////////////////////////////////////////////////
3
	//Quest	Monster	Qtd
	2	4	2
end

//////////////////////////////////////////////////////////////////////////////////////////////////////////////////////////////
// Reward Coins (Pr mio)
// Procedure: WZ_SetCoin
//////////////////////////////////////////////////////////////////////////////////////////////////////////////////////////////
4
	//Quest Cash	Gold	PcPoint
	1	0	0	0
	2	0	0	15
end

//////////////////////////////////////////////////////////////////////////////////////////////////////////////////////////////
// Reward Item
// Class:
// 	All-> *
// 	DW -> 0
// 	DK -> 1
// 	FE -> 2
// 	MG -> 3
// 	DL -> 4
// 	SU -> 5
// Time: 
//	For S6 and S8 only
//////////////////////////////////////////////////////////////////////////////////////////////////////////////////////////////
	//Quest Section   Type   Level   Dur   Skill   Luck   Option   ExcOp	SetOp	JoH	OEx	Socket1	Socket2	Socket3	Socket4	Socket5 Time	Class
5
	1 	13        80      0       0     0       0      0        0	0	0	0	255	255	255	255	255	10000	*
	1 	 7         1      15      0     0       1      28       63	5	0	0	255	255	255	255	255	0	2
	1 	 7         1      0       0     0       0      0        0	0	0	0	255	255	255	255	255	604890	*
//Harmony Mix
	9 	 7         1      0       0     0       0      0        0	0	0	0	255	255	255	255	255	604890	*
	9	14	42	0	0	0	0	0	0	0	0	0	255	255	255	255	255	0	*
	9	14	42	0	0	0	0	0	0	0	0	0	255	255	255	255	255	0	*
	9	14	42	0	0	0	0	0	0	0	0	0	255	255	255	255	255	0	*
	9	14	42	0	0	0	0	0	0	0	0	0	255	255	255	255	255	0	*
	9	14	42	0	0	0	0	0	0	0	0	0	255	255	255	255	255	0	*
	9	14	42	0	0	0	0	0	0	0	0	0	255	255	255	255	255	0	*
	9	14	42	0	0	0	0	0	0	0	0	0	255	255	255	255	255	0	*
	9	14	42	0	0	0	0	0	0	0	0	0	255	255	255	255	255	0	*
	9	14	42	0	0	0	0	0	0	0	0	0	255	255	255	255	255	0	*
	9	14	42	0	0	0	0	0	0	0	0	0	255	255	255	255	255	0	*
	9	14	42	0	0	0	0	0	0	0	0	0	255	255	255	255	255	0	*
	9	14	42	0	0	0	0	0	0	0	0	0	255	255	255	255	255	0	*
	9	14	42	0	0	0	0	0	0	0	0	0	255	255	255	255	255	0	*
	9	14	42	0	0	0	0	0	0	0	0	0	255	255	255	255	255	0	*
	9	14	42	0	0	0	0	0	0	0	0	0	255	255	255	255	255	0	*
	9	14	42	0	0	0	0	0	0	0	0	0	255	255	255	255	255	0	*
	9	14	42	0	0	0	0	0	0	0	0	0	255	255	255	255	255	0	*
	9	14	42	0	0	0	0	0	0	0	0	0	255	255	255	255	255	0	*
	9	14	42	0	0	0	0	0	0	0	0	0	255	255	255	255	255	0	*
	9	14	42	0	0	0	0	0	0	0	0	0	255	255	255	255	255	0	*
	9	14	42	0	0	0	0	0	0	0	0	0	255	255	255	255	255	0	*
	9	14	42	0	0	0	0	0	0	0	0	0	255	255	255	255	255	0	*
	9	14	42	0	0	0	0	0	0	0	0	0	255	255	255	255	255	0	*
	9	14	42	0	0	0	0	0	0	0	0	0	255	255	255	255	255	0	*
	9	14	42	0	0	0	0	0	0	0	0	0	255	255	255	255	255	0	*
	9	14	42	0	0	0	0	0	0	0	0	0	255	255	255	255	255	0	*
	9	14	42	0	0	0	0	0	0	0	0	0	255	255	255	255	255	0	*
	9	14	42	0	0	0	0	0	0	0	0	0	255	255	255	255	255	0	*
	9	14	42	0	0	0	0	0	0	0	0	0	255	255	255	255	255	0	*
	9	14	42	0	0	0	0	0	0	0	0	0	255	255	255	255	255	0	*
end

//////////////////////////////////////////////////////////////////////////////////////////////////////////////////////////////
//Reward Buff Effect
//////////////////////////////////////////////////////////////////////////////////////////////////////////////////////////////
6
	//Quest	Effect	Power1	Power2	Time 
	1	39	30	0	2
end

//////////////////////////////////////////////////////////////////////////////////////////////////////////////////////////////
//Reward Experience / LevelUpPoints / Money
//////////////////////////////////////////////////////////////////////////////////////////////////////////////////////////////
7
	//Quest	Experience	LevelUpPoints	Money	BattlePassStar
	1	1000		10		1000    1
end

