// Month
1
	//Day   ItemPosX  ItemPosY   ItemSize   ItemIndex   Level   Dur   Skill   Luck   Option   ExcOp   SetOp   JoH   OEx   Socket1   Socket2   Socket3   Socket4   Socket5   BonusSocket  Duration   Name
	1 	0         10         10         1           0       0     1       1      0        0       0       0     0     0         0         0         0         0         0            0          //Short Sword
	2 	0         0          10         6181        15      0     1       1      7       63       0       0     0     255       255       255       255       255       255          1000       //Box +1
	3 	0         0          8          7179        10      0     0       0      0        0       0       0     0     255       255       255       255       255       255          0          //Box +1
	4 	0         0          8          7181        0       0     0       0      0        0       0       0     0     255       255       255       255       255       255          0          //Box +1
	5 	0         0          8          7182        0       0     0       0      0        0       0       0     0     255       255       255       255       255       255          0          //Box +1
	6 	0         0          8          7190        0       0     0       0      0        0       0       0     0     255       255       255       255       255       255          0          //Box +1
	7 	0         -10        6          6159        0       0     0       0      0        0       0       0     0     255       255       255       255       255       255          0          //Box +1
	8 	0         0          8          7179        8       0     0       0      0        0       0       0     0     255       255       255       255       255       255          0          //Box +1
	9 	0         0          8          7179        9       0     0       0      0        0       0       0     0     255       255       255       255       255       255          0          //Box +1
	10 	0         0          8          7179        11      0     0       0      0        0       0       0     0     255       255       255       255       255       255          0          //Box +1
	11	0         0          8          7179        12      0     0       0      0        0       0       0     0     255       255       255       255       255       255          0          //Box +1
	12	0         5          8          6670        0       0     0       0      0        0       0       0     0     255       255       255       255       255       255          0          //Box +1
	13	0         10         8          6670        0       0     0       0      0        0       0       0     0     255       255       255       255       255       255          0          //Box +1
	14	0         10         8          6670        0       0     0       0      0        0       0       0     0     255       255       255       255       255       255          0          //Box +1
	15	0         10         8          6670        0       0     0       0      0        0       0       0     0     255       255       255       255       255       255          0          //Box +1
	16	0         10         10         6670        0       0     0       0      0        0       0       0     0     255       255       255       255       255       255          0          //Box +1
	17	0         10         10         6670        0       0     0       0      0        0       0       0     0     255       255       255       255       255       255          0          //Box +1
	18	0         10         10         6670        0       0     0       0      0        0       0       0     0     255       255       255       255       255       255          0          //Box +1
	19	0         10         10         6670        0       0     0       0      0        0       0       0     0     255       255       255       255       255       255          0          //Box +1
	20	0         10         10         6670        0       0     0       0      0        0       0       0     0     255       255       255       255       255       255          0          //Box +1
	21	0         10         10         6670        0       0     0       0      0        0       0       0     0     255       255       255       255       255       255          0          //Box +1
	22	0         10         10         6670        0       0     0       0      0        0       0       0     0     255       255       255       255       255       255          0          //Box +1
	23	0         10         10         6670        0       0     0       0      0        0       0       0     0     255       255       255       255       255       255          0          //Box +1
	24	0         10         10         6670        0       0     0       0      0        0       0       0     0     255       255       255       255       255       255          0          //Box +1
	25	0         10         10         6670        0       0     0       0      0        0       0       0     0     255       255       255       255       255       255          0          //Box +1
	26	0         10         10         6670        0       0     0       0      0        0       0       0     0     255       255       255       255       255       255          0          //Box +1
	27	0         10         10         6670        0       0     0       0      0        0       0       0     0     255       255       255       255       255       255          0          //Box +1
	28	0         10         10         6670        0       0     0       0      0        0       0       0     0     255       255       255       255       255       255          0          //Box +1
	29	0         10         10         6670        0       0     0       0      0        0       0       0     0     255       255       255       255       255       255          0          //Box +1
	30	0         10         10         6670        0       0     0       0      0        0       0       0     0     255       255       255       255       255       255          0          //Box +1
	31	0         10         10         6670        0       0     0       0      0        0       0       0     0     255       255       255       255       255       255          0          //Box +1
	32	0         10         10         6670        0       0     0       0      0        0       0       0     0     255       255       255       255       255       255          0          //Box +1
end

// Month
2
	//Day   ItemPosX  ItemPosY   ItemSize   ItemIndex   Level   Dur   Skill   Luck   Option   ExcOp   SetOp   JoH   OEx   Socket1   Socket2   Socket3   Socket4   Socket5   BonusSocket  Duration   Name
	1 	0         10         10         6670        0       0     0       0      0        0       0       0     0     255       255       255       255       255       255          0          //Box +1
	2 	0         0          10         6181        15      0     1       1      7       63       0       0     0     255       255       255       255       255       255          1000       //Box +1
	3 	0         0          8          7179        10      0     0       0      0        0       0       0     0     255       255       255       255       255       255          0          //Box +1
	4 	0         0          8          7181        0       0     0       0      0        0       0       0     0     255       255       255       255       255       255          0          //Box +1
	5 	0         0          8          7182        0       0     0       0      0        0       0       0     0     255       255       255       255       255       255          0          //Box +1
	6 	0         0          8          7190        0       0     0       0      0        0       0       0     0     255       255       255       255       255       255          0          //Box +1
	7 	0         -10        6          6159        0       0     0       0      0        0       0       0     0     255       255       255       255       255       255          0          //Box +1
	8 	0         0          8          7179        8       0     0       0      0        0       0       0     0     255       255       255       255       255       255          0          //Box +1
	9 	0         0          8          7179        9       0     0       0      0        0       0       0     0     255       255       255       255       255       255          0          //Box +1
	10 	0         0          8          7179        11      0     0       0      0        0       0       0     0     255       255       255       255       255       255          0          //Box +1
	11	0         0          8          7179        12      0     0       0      0        0       0       0     0     255       255       255       255       255       255          0          //Box +1
	12	0         5          8          6670        0       0     0       0      0        0       0       0     0     255       255       255       255       255       255          0          //Box +1
	13	0         10         8          6670        0       0     0       0      0        0       0       0     0     255       255       255       255       255       255          0          //Box +1
	14	0         10         8          6670        0       0     0       0      0        0       0       0     0     255       255       255       255       255       255          0          //Box +1
	15	0         10         8          6670        0       0     0       0      0        0       0       0     0     255       255       255       255       255       255          0          //Box +1
	16	0         10         10         6670        0       0     0       0      0        0       0       0     0     255       255       255       255       255       255          0          //Box +1
	17	0         10         10         6670        0       0     0       0      0        0       0       0     0     255       255       255       255       255       255          0          //Box +1
	18	0         10         10         6670        0       0     0       0      0        0       0       0     0     255       255       255       255       255       255          0          //Box +1
	19	0         10         10         6670        0       0     0       0      0        0       0       0     0     255       255       255       255       255       255          0          //Box +1
	20	0         10         10         6670        0       0     0       0      0        0       0       0     0     255       255       255       255       255       255          0          //Box +1
	21	0         10         10         6670        0       0     0       0      0        0       0       0     0     255       255       255       255       255       255          0          //Box +1
	22	0         10         10         6670        0       0     0       0      0        0       0       0     0     255       255       255       255       255       255          0          //Box +1
	23	0         10         10         6670        0       0     0       0      0        0       0       0     0     255       255       255       255       255       255          0          //Box +1
	24	0         10         10         6670        0       0     0       0      0        0       0       0     0     255       255       255       255       255       255          0          //Box +1
	25	0         10         10         6670        0       0     0       0      0        0       0       0     0     255       255       255       255       255       255          0          //Box +1
	26	0         10         10         6670        0       0     0       0      0        0       0       0     0     255       255       255       255       255       255          0          //Box +1
	27	0         10         10         6670        0       0     0       0      0        0       0       0     0     255       255       255       255       255       255          0          //Box +1
	28	0         10         10         6670        0       0     0       0      0        0       0       0     0     255       255       255       255       255       255          0          //Box +1
end

// Month
3	//Day   ItemPosX  ItemPosY   ItemSize   ItemIndex   Level   Dur   Skill   Luck   Option   ExcOp   SetOp   JoH   OEx   Socket1   Socket2   Socket3   Socket4   Socket5   BonusSocket  Duration   Name
	1 	0         10         10         6670        0       0     0       0      0        0       0       0     0     255       255       255       255       255       255          0          //Box +1
	2 	0         0          10         6181        15      0     1       1      7       63       0       0     0     255       255       255       255       255       255          1000       //Box +1
	3 	0         0          8          7179        10      0     0       0      0        0       0       0     0     255       255       255       255       255       255          0          //Box +1
	4 	0         0          8          7181        0       0     0       0      0        0       0       0     0     255       255       255       255       255       255          0          //Box +1
	5 	0         0          8          7182        0       0     0       0      0        0       0       0     0     255       255       255       255       255       255          0          //Box +1
	6 	0         0          8          7190        0       0     0       0      0        0       0       0     0     255       255       255       255       255       255          0          //Box +1
	7 	0         -10        6          6159        0       0     0       0      0        0       0       0     0     255       255       255       255       255       255          0          //Box +1
	8 	0         0          8          7179        8       0     0       0      0        0       0       0     0     255       255       255       255       255       255          0          //Box +1
	9 	0         0          8          7179        9       0     0       0      0        0       0       0     0     255       255       255       255       255       255          0          //Box +1
	10 	0         0          8          7179        11      0     0       0      0        0       0       0     0     255       255       255       255       255       255          0          //Box +1
	11	0         0          8          7179        12      0     0       0      0        0       0       0     0     255       255       255       255       255       255          0          //Box +1
	12	0         5          8          6670        0       0     0       0      0        0       0       0     0     255       255       255       255       255       255          0          //Box +1
	13	0         10         8          6670        0       0     0       0      0        0       0       0     0     255       255       255       255       255       255          0          //Box +1
	14	0         10         8          6670        0       0     0       0      0        0       0       0     0     255       255       255       255       255       255          0          //Box +1
	15	0         10         8          6670        0       0     0       0      0        0       0       0     0     255       255       255       255       255       255          0          //Box +1
	16	0         10         10         6670        0       0     0       0      0        0       0       0     0     255       255       255       255       255       255          0          //Box +1
	17	0         10         10         6670        0       0     0       0      0        0       0       0     0     255       255       255       255       255       255          0          //Box +1
	18	0         10         10         6670        0       0     0       0      0        0       0       0     0     255       255       255       255       255       255          0          //Box +1
	19	0         10         10         6670        0       0     0       0      0        0       0       0     0     255       255       255       255       255       255          0          //Box +1
	20	0         10         10         6670        0       0     0       0      0        0       0       0     0     255       255       255       255       255       255          0          //Box +1
	21	0         10         10         6670        0       0     0       0      0        0       0       0     0     255       255       255       255       255       255          0          //Box +1
	22	0         10         10         6670        0       0     0       0      0        0       0       0     0     255       255       255       255       255       255          0          //Box +1
	23	0         10         10         6670        0       0     0       0      0        0       0       0     0     255       255       255       255       255       255          0          //Box +1
	24	0         10         10         6670        0       0     0       0      0        0       0       0     0     255       255       255       255       255       255          0          //Box +1
	25	0         10         10         6670        0       0     0       0      0        0       0       0     0     255       255       255       255       255       255          0          //Box +1
	26	0         10         10         6670        0       0     0       0      0        0       0       0     0     255       255       255       255       255       255          0          //Box +1
	27	0         10         10         6670        0       0     0       0      0        0       0       0     0     255       255       255       255       255       255          0          //Box +1
	28	0         10         10         6670        0       0     0       0      0        0       0       0     0     255       255       255       255       255       255          0          //Box +1
	29	0         10         10         6670        0       0     0       0      0        0       0       0     0     255       255       255       255       255       255          0          //Box +1
	30	0         10         10         6670        0       0     0       0      0        0       0       0     0     255       255       255       255       255       255          0          //Box +1
	31	0         10         10         6670        0       0     0       0      0        0       0       0     0     255       255       255       255       255       255          0          //Box +1
end

// Month
4	//Day   ItemPosX  ItemPosY   ItemSize   ItemIndex   Level   Dur   Skill   Luck   Option   ExcOp   SetOp   JoH   OEx   Socket1   Socket2   Socket3   Socket4   Socket5   BonusSocket  Duration   Name
	1 	0         10         10         6670        0       0     0       0      0        0       0       0     0     255       255       255       255       255       255          0          //Box +1
	2 	0         0          10         6181        15      0     1       1      7       63       0       0     0     255       255       255       255       255       255          1000       //Box +1
	3 	0         0          8          7179        10      0     0       0      0        0       0       0     0     255       255       255       255       255       255          0          //Box +1
	4 	0         0          8          7181        0       0     0       0      0        0       0       0     0     255       255       255       255       255       255          0          //Box +1
	5 	0         0          8          7182        0       0     0       0      0        0       0       0     0     255       255       255       255       255       255          0          //Box +1
	6 	0         0          8          7190        0       0     0       0      0        0       0       0     0     255       255       255       255       255       255          0          //Box +1
	7 	0         -10        6          6159        0       0     0       0      0        0       0       0     0     255       255       255       255       255       255          0          //Box +1
	8 	0         0          8          7179        8       0     0       0      0        0       0       0     0     255       255       255       255       255       255          0          //Box +1
	9 	0         0          8          7179        9       0     0       0      0        0       0       0     0     255       255       255       255       255       255          0          //Box +1
	10 	0         0          8          7179        11      0     0       0      0        0       0       0     0     255       255       255       255       255       255          0          //Box +1
	11	0         0          8          7179        12      0     0       0      0        0       0       0     0     255       255       255       255       255       255          0          //Box +1
	12	0         5          8          6670        0       0     0       0      0        0       0       0     0     255       255       255       255       255       255          0          //Box +1
	13	0         10         8          6670        0       0     0       0      0        0       0       0     0     255       255       255       255       255       255          0          //Box +1
	14	0         10         8          6670        0       0     0       0      0        0       0       0     0     255       255       255       255       255       255          0          //Box +1
	15	0         10         8          6670        0       0     0       0      0        0       0       0     0     255       255       255       255       255       255          0          //Box +1
	16	0         10         10         6670        0       0     0       0      0        0       0       0     0     255       255       255       255       255       255          0          //Box +1
	17	0         10         10         6670        0       0     0       0      0        0       0       0     0     255       255       255       255       255       255          0          //Box +1
	18	0         10         10         6670        0       0     0       0      0        0       0       0     0     255       255       255       255       255       255          0          //Box +1
	19	0         10         10         6670        0       0     0       0      0        0       0       0     0     255       255       255       255       255       255          0          //Box +1
	20	0         10         10         6670        0       0     0       0      0        0       0       0     0     255       255       255       255       255       255          0          //Box +1
	21	0         10         10         6670        0       0     0       0      0        0       0       0     0     255       255       255       255       255       255          0          //Box +1
	22	0         10         10         6670        0       0     0       0      0        0       0       0     0     255       255       255       255       255       255          0          //Box +1
	23	0         10         10         6670        0       0     0       0      0        0       0       0     0     255       255       255       255       255       255          0          //Box +1
	24	0         10         10         6670        0       0     0       0      0        0       0       0     0     255       255       255       255       255       255          0          //Box +1
	25	0         10         10         6670        0       0     0       0      0        0       0       0     0     255       255       255       255       255       255          0          //Box +1
	26	0         10         10         6670        0       0     0       0      0        0       0       0     0     255       255       255       255       255       255          0          //Box +1
	27	0         10         10         6670        0       0     0       0      0        0       0       0     0     255       255       255       255       255       255          0          //Box +1
	28	0         10         10         6670        0       0     0       0      0        0       0       0     0     255       255       255       255       255       255          0          //Box +1
	29	0         10         10         6670        0       0     0       0      0        0       0       0     0     255       255       255       255       255       255          0          //Box +1
	30	0         10         10         6670        0       0     0       0      0        0       0       0     0     255       255       255       255       255       255          0          //Box +1
	31	0         10         10         6670        0       0     0       0      0        0       0       0     0     255       255       255       255       255       255          0          //Box +1
	32	0         10         10         6670        0       0     0       0      0        0       0       0     0     255       255       255       255       255       255          0          //Box +1
end