//Cat.	Base	Main   	Item   	Moeda	Valor	BonusGP	PBase1	PBase2	PBase3	PBase4	PBase5	PBase6	PBase7	PBase8	PBase9	PBase10	PMain1	PMain2	PMain3	PMain4	PMain5	PMain6	PMain7	PMain8	PMain9	PMain10
31	104	104	1	508     20    	0	1040    0	0	0	0	0	0	0	0	0	1040	0	0	0	0	0	0	0	0	0
31	105	105	1	508     25    	0	1050    0	0	0	0	0	0	0	0	0	1050	0	0	0	0	0	0	0	0	0
31	106	106	1	508     25    	0	1060    0	0	0	0	0	0	0	0	0	1060	0	0	0	0	0	0	0	0	0
31	107	107	1	508     20    	0	1070    0	0	0	0	0	0	0	0	0	1070	0	0	0	0	0	0	0	0	0
31	108	108	1	508     15    	0	1080    0	0	0	0	0	0	0	0	0	1080	0	0	0	0	0	0	0	0	0
31	109	109	1	508     10    	0	1090    0	0	0	0	0	0	0	0	0	1090	0	0	0	0	0	0	0	0	0
31	110	110	1	508     15    	0	1100    0	0	0	0	0	0	0	0	0	1100	0	0	0	0	0	0	0	0	0
31	111	111	1	508     25    	0	1110    0	0	0	0	0	0	0	0	0	1110	0	0	0	0	0	0	0	0	0
31	112	112	1	508     20    	0	1120    0	0	0	0	0	0	0	0	0	1120	0	0	0	0	0	0	0	0	0
31	113	113	1	508     20    	0	1130    0	0	0	0	0	0	0	0	0	1130	0	0	0	0	0	0	0	0	0
31	114	114	1	508     20    	0	1140    0	0	0	0	0	0	0	0	0	1140	0	0	0	0	0	0	0	0	0
31	115	115	1	508     25    	0	1150    0	0	0	0	0	0	0	0	0	1150	0	0	0	0	0	0	0	0	0
31	116	116	1	508     20    	0	1160    0	0	0	0	0	0	0	0	0	1160	0	0	0	0	0	0	0	0	0
31	117	117	1	508     20    	0	1170    0	0	0	0	0	0	0	0	0	1170	0	0	0	0	0	0	0	0	0
31	118	118	1	508     15    	0	1180    0	0	0	0	0	0	0	0	0	1180	0	0	0	0	0	0	0	0	0
31	119	119	1	508     15    	0	1190    0	0	0	0	0	0	0	0	0	1190	0	0	0	0	0	0	0	0	0
31	120	120	1	508     10    	0	1200    0	0	0	0	0	0	0	0	0	1200	0	0	0	0	0	0	0	0	0
31	121	121	1	508     20    	0	1210    0	0	0	0	0	0	0	0	0	1210	0	0	0	0	0	0	0	0	0
31	122	122	1	508     20    	0	1220    0	0	0	0	0	0	0	0	0	1220	0	0	0	0	0	0	0	0	0
31	123	123	1	508     15    	0	1230    0	0	0	0	0	0	0	0	0	1230	0	0	0	0	0	0	0	0	0
31	124	124	1	508     15    	0	1240    0	0	0	0	0	0	0	0	0	1240	0	0	0	0	0	0	0	0	0
31	125	125	1	508     15    	0	1250    0	0	0	0	0	0	0	0	0	1250	0	0	0	0	0	0	0	0	0
31	126	126	1	508     15    	0	1260    0	0	0	0	0	0	0	0	0	1260	0	0	0	0	0	0	0	0	0
31	127	127	1	508     15    	0	1270    0	0	0	0	0	0	0	0	0	1270	0	0	0	0	0	0	0	0	0
31	128	128	1	508     15    	0	1280    0	0	0	0	0	0	0	0	0	1280	0	0	0	0	0	0	0	0	0
31	129	129	1	508     10    	0	1290    0	0	0	0	0	0	0	0	0	1290	0	0	0	0	0	0	0	0	0
31	130	130	1	508     10    	0	1300    0	0	0	0	0	0	0	0	0	1300	0	0	0	0	0	0	0	0	0
31	131	131	1	508     10    	0	1310    0	0	0	0	0	0	0	0	0	1310	0	0	0	0	0	0	0	0	0
31	132	132	1	508     10    	0	1320    0	0	0	0	0	0	0	0	0	1320	0	0	0	0	0	0	0	0	0
31	133	133	1	508     10    	0	1330    0	0	0	0	0	0	0	0	0	1330	0	0	0	0	0	0	0	0	0
31	134	134	1	508     10    	0	1340    0	0	0	0	0	0	0	0	0	1340	0	0	0	0	0	0	0	0	0
31	135	135	1	508     10    	0	1350    0	0	0	0	0	0	0	0	0	1350	0	0	0	0	0	0	0	0	0
31	136	136	1	508     10    	0	1360    0	0	0	0	0	0	0	0	0	1360	0	0	0	0	0	0	0	0	0
31	137	137	1	508     10    	0	1370    0	0	0	0	0	0	0	0	0	1370	0	0	0	0	0	0	0	0	0
31	138	138	1	508     7    	0	1380    0	0	0	0	0	0	0	0	0	1380	0	0	0	0	0	0	0	0	0
31	139	139	1	508     7    	0	1390    0	0	0	0	0	0	0	0	0	1390	0	0	0	0	0	0	0	0	0
31	140	140	1	508     7    	0	1400    0	0	0	0	0	0	0	0	0	1400	0	0	0	0	0	0	0	0	0
31	607	607	1	508     30    	0	6070    0	0	0	0	0	0	0	0	0	6070	0	0	0	0	0	0	0	0	0
31	624	624	1	508     60    	0	6240    0	0	0	0	0	0	0	0	0	6240	0	0	0	0	0	0	0	0	0
31	625	625	1	508     50    	0	6250    0	0	0	0	0	0	0	0	0	6250	0	0	0	0	0	0	0	0	0
31	626	626	1	508     50    	0	6260    0	0	0	0	0	0	0	0	0	6260	0	0	0	0	0	0	0	0	0
31	627	627	1	508     50    	0	6270    0	0	0	0	0	0	0	0	0	6270	0	0	0	0	0	0	0	0	0

32	141	141	1	508     25    	0	1410    0	0	0	0	0	0	0	0	0	1410	0	0	0	0	0	0	0	0	0
32	142	142	1	508     25    	0	1420    0	0	0	0	0	0	0	0	0	1420	0	0	0	0	0	0	0	0	0
32	143	143	1	508     20    	0	1430    0	0	0	0	0	0	0	0	0	1430	0	0	0	0	0	0	0	0	0
32	144	144	1	508     25    	0	1440    0	0	0	0	0	0	0	0	0	1440	0	0	0	0	0	0	0	0	0
32	145	145	1	508     15    	0	1450    0	0	0	0	0	0	0	0	0	1450	0	0	0	0	0	0	0	0	0
32	146	146	1	508     25    	0	1460    0	0	0	0	0	0	0	0	0	1460	0	0	0	0	0	0	0	0	0
32	147	147	1	508     15    	0	1470    0	0	0	0	0	0	0	0	0	1470	0	0	0	0	0	0	0	0	0
32	148	148	1	508     10    	0	1480    0	0	0	0	0	0	0	0	0	1480	0	0	0	0	0	0	0	0	0
32	149	149	1	508     10    	0	1490    0	0	0	0	0	0	0	0	0	1490	0	0	0	0	0	0	0	0	0
32	150	150	1	508     10    	0	1500    0	0	0	0	0	0	0	0	0	1500	0	0	0	0	0	0	0	0	0
32	151	151	1	508     10    	0	1510    0	0	0	0	0	0	0	0	0	1510	0	0	0	0	0	0	0	0	0
32	152	152	1	508     5    	0	1520    0	0	0	0	0	0	0	0	0	1520	0	0	0	0	0	0	0	0	0
32	153	153	1	508     10    	0	1530    0	0	0	0	0	0	0	0	0	1530	0	0	0	0	0	0	0	0	0
32	154	154	1	508     10    	0	1540    0	0	0	0	0	0	0	0	0	1540	0	0	0	0	0	0	0	0	0
32	155	155	1	508     5    	0	1550    0	0	0	0	0	0	0	0	0	1550	0	0	0	0	0	0	0	0	0
32	156	156	1	508     5    	0	1560    0	0	0	0	0	0	0	0	0	1560	0	0	0	0	0	0	0	0	0
32	157	157	1	508     5    	0	1570    0	0	0	0	0	0	0	0	0	1570	0	0	0	0	0	0	0	0	0
32	158	158	1	508     5    	0	1580    0	0	0	0	0	0	0	0	0	1580	0	0	0	0	0	0	0	0	0
32	159	159	1	508     5    	0	1590    0	0	0	0	0	0	0	0	0	1590	0	0	0	0	0	0	0	0	0
32	628	628	1	508     50    	0	6280    0	0	0	0	0	0	0	0	0	6280	0	0	0	0	0	0	0	0	0
32	629	629	1	508     80    	0	6290    0	0	0	0	0	0	0	0	0	6290	0	0	0	0	0	0	0	0	0

33	100	100	1	508     20    	0	1000    0	0	0	0	0	0	0	0	0	1000	0	0	0	0	0	0	0	0	0
33	102	102	1	508     25    	0	1020    0	0	0	0	0	0	0	0	0	1020	0	0	0	0	0	0	0	0	0
33	103	103	1	508     25    	0	1030    0	0	0	0	0	0	0	0	0	1030	0	0	0	0	0	0	0	0	0
33	160	160	1	508     20    	0	1600    0	0	0	0	0	0	0	0	0	1600	0	0	0	0	0	0	0	0	0
33	161	161	1	508     20    	0	1610    0	0	0	0	0	0	0	0	0	1610	0	0	0	0	0	0	0	0	0
33	162	162	1	508     20    	0	1620    0	0	0	0	0	0	0	0	0	1620	0	0	0	0	0	0	0	0	0
33	163	163	1	508     20    	0	1630    0	0	0	0	0	0	0	0	0	1630	0	0	0	0	0	0	0	0	0
33	164	164	1	508     15    	0	1640    0	0	0	0	0	0	0	0	0	1640	0	0	0	0	0	0	0	0	0
33	165	165	1	508     10    	0	1650    0	0	0	0	0	0	0	0	0	1650	0	0	0	0	0	0	0	0	0
33	166	166	1	508     20    	0	1660    0	0	0	0	0	0	0	0	0	1660	0	0	0	0	0	0	0	0	0
33	167	167	1	508     15    	0	1670    0	0	0	0	0	0	0	0	0	1670	0	0	0	0	0	0	0	0	0
33	168	168	1	508     15    	0	1680    0	0	0	0	0	0	0	0	0	1680	0	0	0	0	0	0	0	0	0
33	169	169	1	508     10    	0	1690    0	0	0	0	0	0	0	0	0	1690	0	0	0	0	0	0	0	0	0
33	170	170	1	508     10    	0	1700    0	0	0	0	0	0	0	0	0	1700	0	0	0	0	0	0	0	0	0
33	171	171	1	508     10    	0	1710    0	0	0	0	0	0	0	0	0	1710	0	0	0	0	0	0	0	0	0
33	172	172	1	508     10    	0	1720    0	0	0	0	0	0	0	0	0	1720	0	0	0	0	0	0	0	0	0
33	173	173	1	508     15    	0	1730    0	0	0	0	0	0	0	0	0	1730	0	0	0	0	0	0	0	0	0
33	174	174	1	508     20    	0	1740    0	0	0	0	0	0	0	0	0	1740	0	0	0	0	0	0	0	0	0
33	175	175	1	508     15    	0	1750    0	0	0	0	0	0	0	0	0	1750	0	0	0	0	0	0	0	0	0
33	176	176	1	508     10    	0	1760    0	0	0	0	0	0	0	0	0	1760	0	0	0	0	0	0	0	0	0
33	177	177	1	508     10    	0	1770    0	0	0	0	0	0	0	0	0	1770	0	0	0	0	0	0	0	0	0
33	178	178	1	508     10    	0	1780    0	0	0	0	0	0	0	0	0	1780	0	0	0	0	0	0	0	0	0
33	179	179	1	508     10    	0	1790    0	0	0	0	0	0	0	0	0	1790	0	0	0	0	0	0	0	0	0
33	180	180	1	508     10    	0	1800    0	0	0	0	0	0	0	0	0	1800	0	0	0	0	0	0	0	0	0
33	181	181	1	508     5    	0	1810    0	0	0	0	0	0	0	0	0	1810	0	0	0	0	0	0	0	0	0
33	182	182	1	508     5    	0	1820    0	0	0	0	0	0	0	0	0	1820	0	0	0	0	0	0	0	0	0
33	183	183	1	508     5    	0	1830    0	0	0	0	0	0	0	0	0	1830	0	0	0	0	0	0	0	0	0
33	184	184	1	508     5    	0	1840    0	0	0	0	0	0	0	0	0	1840	0	0	0	0	0	0	0	0	0
33	185	185	1	508     5    	0	1850    0	0	0	0	0	0	0	0	0	1850	0	0	0	0	0	0	0	0	0
33	490	490	1	508     25    	0	4900    0	0	0	0	0	0	0	0	0	4900	0	0	0	0	0	0	0	0	0
33	630	630	1	508     50    	0	6300    0	0	0	0	0	0	0	0	0	6300	0	0	0	0	0	0	0	0	0
33	631	631	1	508     80    	0	6310    0	0	0	0	0	0	0	0	0	6310	0	0	0	0	0	0	0	0	0
33	632	632	1	508     50    	0	6320    0	0	0	0	0	0	0	0	0	6320	0	0	0	0	0	0	0	0	0
33	633	633	1	508     60    	0	6330    0	0	0	0	0	0	0	0	0	6330	0	0	0	0	0	0	0	0	0


34	186	186	1	508     25    	0	1860    0	0	0	0	0	0	0	0	0	1860	0	0	0	0	0	0	0	0	0
34	187	187	1	508     20    	0	1870    0	0	0	0	0	0	0	0	0	1870	0	0	0	0	0	0	0	0	0
34	188	188	1	508     15    	0	1880    0	0	0	0	0	0	0	0	0	1880	0	0	0	0	0	0	0	0	0
34	189	189	1	508     15    	0	1890    0	0	0	0	0	0	0	0	0	1890	0	0	0	0	0	0	0	0	0
34	190	190	1	508     15    	0	1900    0	0	0	0	0	0	0	0	0	1900	0	0	0	0	0	0	0	0	0
34	191	191	1	508     15    	0	1910    0	0	0	0	0	0	0	0	0	1910	0	0	0	0	0	0	0	0	0
34	192	192	1	508     10    	0	1920    0	0	0	0	0	0	0	0	0	1920	0	0	0	0	0	0	0	0	0
34	193	193	1	508     10    	0	1930    0	0	0	0	0	0	0	0	0	1930	0	0	0	0	0	0	0	0	0
34	194	194	1	508     10    	0	1940    0	0	0	0	0	0	0	0	0	1940	0	0	0	0	0	0	0	0	0
34	195	195	1	508     10    	0	1950    0	0	0	0	0	0	0	0	0	1950	0	0	0	0	0	0	0	0	0
34	196	196	1	508     5    	0	1960    0	0	0	0	0	0	0	0	0	1960	0	0	0	0	0	0	0	0	0
34	197	197	1	508     5    	0	1970    0	0	0	0	0	0	0	0	0	1970	0	0	0	0	0	0	0	0	0
34	198	198	1	508     5    	0	1980    0	0	0	0	0	0	0	0	0	1980	0	0	0	0	0	0	0	0	0

35	199	199	1	508     10    	0	1990    0	0	0	0	0	0	0	0	0	1990	0	0	0	0	0	0	0	0	0
35	200	200	1	508     10    	0	2000    0	0	0	0	0	0	0	0	0	2000	0	0	0	0	0	0	0	0	0
35	201	201	1	508     10   	0	2010    0	0	0	0	0	0	0	0	0	2010	0	0	0	0	0	0	0	0	0
35	202	202	1	508     10    	0	2020    0	0	0	0	0	0	0	0	0	2020	0	0	0	0	0	0	0	0	0
35	203	203	1	508     5    	0	2030    0	0	0	0	0	0	0	0	0	2030	0	0	0	0	0	0	0	0	0
35	204	204	1	508     5    	0	2040    0	0	0	0	0	0	0	0	0	2040	0	0	0	0	0	0	0	0	0
35	205	205	1	508     5    	0	2050    0	0	0	0	0	0	0	0	0	2050	0	0	0	0	0	0	0	0	0
35	206	206	1	508     5    	0	2060    0	0	0	0	0	0	0	0	0	2060	0	0	0	0	0	0	0	0	0

36	208	208	1	508     25    	0	2080    0	0	0	0	0	0	0	0	0	2080	0	0	0	0	0	0	0	0	0
36	209	209	1	508     25    	0	2090    0	0	0	0	0	0	0	0	0	2090	0	0	0	0	0	0	0	0	0
36	210	210	1	508     20    	0	2100    0	0	0	0	0	0	0	0	0	2100	0	0	0	0	0	0	0	0	0
36	211	211	1	508     20    	0	2110    0	0	0	0	0	0	0	0	0	2110	0	0	0	0	0	0	0	0	0
36	212	212	1	508     15    	0	2120    0	0	0	0	0	0	0	0	0	2120	0	0	0	0	0	0	0	0	0
36	213	213	1	508     15    	0	2130    0	0	0	0	0	0	0	0	0	2130	0	0	0	0	0	0	0	0	0
36	214	214	1	508     15    	0	2140    0	0	0	0	0	0	0	0	0	2140	0	0	0	0	0	0	0	0	0
36	215	215	1	508     15    	0	2150    0	0	0	0	0	0	0	0	0	2150	0	0	0	0	0	0	0	0	0
36	216	216	1	508     15    	0	2160    0	0	0	0	0	0	0	0	0	2160	0	0	0	0	0	0	0	0	0
36	217	217	1	508     15    	0	2170    0	0	0	0	0	0	0	0	0	2170	0	0	0	0	0	0	0	0	0
36	218	218	1	508     10    	0	2180    0	0	0	0	0	0	0	0	0	2180	0	0	0	0	0	0	0	0	0
36	219	219	1	508     10    	0	2190    0	0	0	0	0	0	0	0	0	2190	0	0	0	0	0	0	0	0	0
36	220	220	1	508     10   	0	2200    0	0	0	0	0	0	0	0	0	2200	0	0	0	0	0	0	0	0	0
36	221	221	1	508     5    	0	2210    0	0	0	0	0	0	0	0	0	2210	0	0	0	0	0	0	0	0	0
36	222	222	1	508     5    	0	2220    0	0	0	0	0	0	0	0	0	2220	0	0	0	0	0	0	0	0	0
36	223	223	1	508     5    	0	2230    0	0	0	0	0	0	0	0	0	2230	0	0	0	0	0	0	0	0	0
36	224	224	1	508     5    	0	2240    0	0	0	0	0	0	0	0	0	2240	0	0	0	0	0	0	0	0	0
36	225	225	1	508     15    	0	2250    0	0	0	0	0	0	0	0	0	2250	0	0	0	0	0	0	0	0	0
36	226	226	1	508     10    	0	2260    0	0	0	0	0	0	0	0	0	2260	0	0	0	0	0	0	0	0	0
36	227	227	1	508     10    	0	2270    0	0	0	0	0	0	0	0	0	2270	0	0	0	0	0	0	0	0	0
36	228	228	1	508     10    	0	2280    0	0	0	0	0	0	0	0	0	2280	0	0	0	0	0	0	0	0	0
36	229	229	1	508     5    	0	2290    0	0	0	0	0	0	0	0	0	2290	0	0	0	0	0	0	0	0	0
36	230	230	1	508     5    	0	2300    0	0	0	0	0	0	0	0	0	2300	0	0	0	0	0	0	0	0	0



41	207	207	1	508	35      0 	10016	10015	10017	10018	10019	0	0	0	0	0	0	0	0	0	0	0	0	0	0	0
41	232	232	1	508	35      0	10020	10021	10022	10023	0	0	0	0	0	0	0	0	0	0	0	0	0	0	0	0
41	233	233	1	508	30      0	10024	10025	10026	10027	0	0	0	0	0	0	0	0	0	0	0	0	0	0	0	0
41	234	234	1	508	25      0	10028	10029	10030	10031	0	0	0	0	0	0	0	0	0	0	0	0	0	0	0	0
41	235	235	1	508	35      0	10032	10033	10034	10035	10036	0	0	0	0	0	0	0	0	0	0	0	0	0	0	0
41	240	240	1	508	30      0	10058	10057	10059	10060	10061	0	0	0	0	0	0	0	0	0	0	0	0	0	0	0
41	244	244	1	508	30      0	10078	10077	10079	10080	10081	0	0	0	0	0	0	0	0	0	0	0	0	0	0	0
41	248	248	1	508	30      0	10096	10095	10097	10098	10099	0	0	0	0	0	0	0	0	0	0	0	0	0	0	0
41	249	249	1	508	30      0	10091	10090	10094	10092	10093	0	0	0	0	0	0	0	0	0	0	0	0	0	0	0
41	255	255	1	508	25      0	10131	10130	10132	10133	10134	0	0	0	0	0	0	0	0	0	0	0	0	0	0	0
41	259	259	1	508	25      0	10150	10149	10151	10152	10153	0	0	0	0	0	0	0	0	0	0	0	0	0	0	0
41	260	260	1	508	30      0	10155	10154	10156	10157	10158	0	0	0	0	0	0	0	0	0	0	0	0	0	0	0
41	264	264	1	508	35      0	10174	10173	10175	10176	10177	0	0	0	0	0	0	0	0	0	0	0	0	0	0	0
41	265	265	1	508	25      0	10179	10178	10180	10181	10182	0	0	0	0	0	0	0	0	0	0	0	0	0	0	0
41	266	266	1	508	20      0	10184	10183	10185	10186	10187	0	0	0	0	0	0	0	0	0	0	0	0	0	0	0
41	267	267	1	508	15      0	10189	10188	10190	10191	10192	0	0	0	0	0	0	0	0	0	0	0	0	0	0	0
41	268	268	1	508	10      0	10194	10193	10195	10196	10197	0	0	0	0	0	0	0	0	0	0	0	0	0	0	0
41	273	273	1	508	20      0	10217	10216	10218	10219	10220	0	0	0	0	0	0	0	0	0	0	0	0	0	0	0
41	282	282	1	508	5       0	10261	10260	10262	10263	10264	0	0	0	0	0	0	0	0	0	0	0	0	0	0	0
41	283	283	1	508	15      0	10266	10265	10267	10268	10269	0	0	0	0	0	0	0	0	0	0	0	0	0	0	0
41	284	284	1	508	10      0	10271	10270	10272	10273	10274	0	0	0	0	0	0	0	0	0	0	0	0	0	0	0
41	285	285	1	508	5       0	10276	10275	10277	10278	10279	0	0	0	0	0	0	0	0	0	0	0	0	0	0	0
41	287	287	1	508	5       0	10286	10285	10287	10288	10289	0	0	0	0	0	0	0	0	0	0	0	0	0	0	0
41	288	288	1	508	5       0	10291	10290	10292	10293	10294	0	0	0	0	0	0	0	0	0	0	0	0	0	0	0
41	292	292	1	508	10      0	10311	10310	10312	10313	10314	0	0	0	0	0	0	0	0	0	0	0	0	0	0	0
41	293	293	1	508	5       0	10316	10315	10317	10318	10319	0	0	0	0	0	0	0	0	0	0	0	0	0	0	0
41	491	491	1	508	35      0	10320	10321	10322	10323	0	0	0	0	0	0	0	0	0	0	0	0	0	0	0	0
41	588	588	1	508	30      0	10324	10325	10326	10327	0	0	0	0	0	0	0	0	0	0	0	0	0	0	0	0

41	636	636	1	508	50      0	10338	10339	10340	10341	10342	0	0	0	0	0	0	0	0	0	0	0	0	0	0	0
41	637	637	1	508	50      0	10343	10344	10345	10346	0	0	0	0	0	0	0	0	0	0	0	0	0	0	0	0
41	639	639	1	508	50      0	10352	10353	10354	10355	10356	0	0	0	0	0	0	0	0	0	0	0	0	0	0	0
41	644	644	1	508	50      0	10377	10378	10379	10380	10381	0	0	0	0	0	0	0	0	0	0	0	0	0	0	0
41	645	645	1	508	100     0	10382	10383	10384	10385	10386	0	0	0	0	0	0	0	0	0	0	0	0	0	0	0
41	649	649	1	508	100     0	10402	10403	10404	10405	10406	0	0	0	0	0	0	0	0	0	0	0	0	0	0	0
41	651	651	1	508	100     0	10411	10412	10413	10414	0	0	0	0	0	0	0	0	0	0	0	0	0	0	0	0
41	652	652	1	508	110     0	10415	10416	10417	10418	10419	0	0	0	0	0	0	0	0	0	0	0	0	0	0	0
41	656	656	1	508	110     0	10435	10436	10437	10438	10439	0	0	0	0	0	0	0	0	0	0	0	0	0	0	0
41	658	658	1	508	110     0	10444	10445	10446	10447	0	0	0	0	0	0	0	0	0	0	0	0	0	0	0	0


42	231	231	1	508	35      0 	10005	10007	10008	10009	0	0	0	0	0	0	0	0	0	0	0	0	0	0	0	0
42	237	237	1	508	35      0 	10037	10038	10039	10040	0	0	0	0	0	0	0	0	0	0	0	0	0	0	0	0
42	238	238	1	508	35      0 	10046	10047	10048	10050	10051	0	0	0	0	0	0	0	0	0	0	0	0	0	0	0
42	239	239	1	508	30      0 	10053	10052	10054	10055	10056	0	0	0	0	0	0	0	0	0	0	0	0	0	0	0
42	241	241	1	508	35      0 	10082	10083	10084	10085	0	0	0	0	0	0	0	0	0	0	0	0	0	0	0	0
42	246	246	1	508	30      0 	10086	10087	10088	10089	0	0	0	0	0	0	0	0	0	0	0	0	0	0	0	0
42	256	256	1	508	25      0 	10135	10136	10137	10138	0	0	0	0	0	0	0	0	0	0	0	0	0	0	0	0
42	258	258	1	508	25      0 	10145	10144	10146	10147	10148	0	0	0	0	0	0	0	0	0	0	0	0	0	0	0
42	261	261	1	508	35      0 	10159	10160	10161	10162	0	0	0	0	0	0	0	0	0	0	0	0	0	0	0	0
42	263	263	1	508	35      0 	10169	10168	10170	10171	10172	0	0	0	0	0	0	0	0	0	0	0	0	0	0	0
42	270	270	1	508	20      0 	10203	10204	10205	10206	0	0	0	0	0	0	0	0	0	0	0	0	0	0	0	0
42	271	271	1	508	15      0 	10208	10207	10209	10210	10211	0	0	0	0	0	0	0	0	0	0	0	0	0	0	0
42	272	272	1	508	15      0 	10212	10213	10214	10215	0	0	0	0	0	0	0	0	0	0	0	0	0	0	0	0
42	275	275	1	508	10      0 	10227	10226	10228	10229	10230	0	0	0	0	0	0	0	0	0	0	0	0	0	0	0
42	276	276	1	508	10      0 	10231	10232	10233	10234	0	0	0	0	0	0	0	0	0	0	0	0	0	0	0	0
42	286	286	1	508	5       0 	10281	10280	10282	10283	10284	0	0	0	0	0	0	0	0	0	0	0	0	0	0	0
42	289	289	1	508	5       0 	10296	10295	10297	10298	10299	0	0	0	0	0	0	0	0	0	0	0	0	0	0	0
42	290	290	1	508	5       0 	10301	10300	10302	10303	10304	0	0	0	0	0	0	0	0	0	0	0	0	0	0	0
42	291	291	1	508	5       0 	10306	10305	10307	10308	10309	0	0	0	0	0	0	0	0	0	0	0	0	0	0	0

42	635	635	1	508	50      0	10333	10334	10335	10336	10337	0	0	0	0	0	0	0	0	0	0	0	0	0	0	0
42	641	641	1	508	50      0	10362	10363	10364	10365	10366	0	0	0	0	0	0	0	0	0	0	0	0	0	0	0
42	642	642	1	508	50      0	10367	10368	10369	10370	10371	0	0	0	0	0	0	0	0	0	0	0	0	0	0	0
42	646	646	1	508	100     0	10387	10388	10389	10390	10391	0	0	0	0	0	0	0	0	0	0	0	0	0	0	0
42	650	650	1	508	100     0	10407	10408	10409	10410	0	0	0	0	0	0	0	0	0	0	0	0	0	0	0	0
42	653	653	1	508	110     0	10420	10421	10422	10423	10424	0	0	0	0	0	0	0	0	0	0	0	0	0	0	0
42	657	657	1	508	110     0	10440	10441	10442	10443	0	0	0	0	0	0	0	0	0	0	0	0	0	0	0	0

43	101	101	1	508	35       0 	10010	10011	10012	10013	10014	0	0	0	0	0	0	0	0	0	0	0	0	0	0	0
43	236	236	1	508	35       0 	10041	10042	10043	10044	10045	0	0	0	0	0	0	0	0	0	0	0	0	0	0	0
43	242	242	1	508	30       0 	10068	10067	10069	10070	10071	0	0	0	0	0	0	0	0	0	0	0	0	0	0	0
43	243	243	1	508	30       0 	10073	10072	10074	10075	10076	0	0	0	0	0	0	0	0	0	0	0	0	0	0	0
43	245	245	1	508	30       0 	10063	10062	10064	10065	10066	0	0	0	0	0	0	0	0	0	0	0	0	0	0	0
43	247	247	1	508	30       0 	10101	10100	10102	10103	10104	0	0	0	0	0	0	0	0	0	0	0	0	0	0	0
43	250	250	1	508	30       0 	10106	10105	10107	10108	10109	0	0	0	0	0	0	0	0	0	0	0	0	0	0	0
43	251	251	1	508	20       0 	10116	10115	10117	10118	10119	0	0	0	0	0	0	0	0	0	0	0	0	0	0	0
43	252	252	1	508	25       0 	10111	10110	10112	10113	10114	0	0	0	0	0	0	0	0	0	0	0	0	0	0	0
43	253	253	1	508	15       0 	10121	10120	10122	10123	10124	0	0	0	0	0	0	0	0	0	0	0	0	0	0	0
43	254	254	1	508	10       0 	10126	10125	10127	10128	10129	0	0	0	0	0	0	0	0	0	0	0	0	0	0	0
43	257	257	1	508	25       0 	10140	10139	10141	10142	10143	0	0	0	0	0	0	0	0	0	0	0	0	0	0	0
43	262	262	1	508	35       0 	10164	10163	10165	10166	10167	0	0	0	0	0	0	0	0	0	0	0	0	0	0	0
43	269	269	1	508	15       0 	10199	10198	10200	10201	10202	0	0	0	0	0	0	0	0	0	0	0	0	0	0	0
43	274	274	1	508	10       0 	10222	10221	10223	10224	10225	0	0	0	0	0	0	0	0	0	0	0	0	0	0	0
43	277	277	1	508	5       0 	10236	10235	10237	10238	10239	0	0	0	0	0	0	0	0	0	0	0	0	0	0	0
43	278	278	1	508	5       0 	10241	10240	10242	10243	10244	0	0	0	0	0	0	0	0	0	0	0	0	0	0	0
43	279	279	1	508	5       0 	10246	10245	10247	10248	10249	0	0	0	0	0	0	0	0	0	0	0	0	0	0	0
43	280	280	1	508	5       0 	10251	10250	10252	10253	10254	0	0	0	0	0	0	0	0	0	0	0	0	0	0	0
43	281	281	1	508	5       0 	10256	10255	10257	10258	10259	0	0	0	0	0	0	0	0	0	0	0	0	0	0	0

43	634	634	1	508	50      0	10328	10329	10330	10331	10332	0	0	0	0	0	0	0	0	0	0	0	0	0	0	0
43	638	638	1	508	50      0	10347	10348	10349	10350	10351	0	0	0	0	0	0	0	0	0	0	0	0	0	0	0
43	640	640	1	508	50      0	10357	10358	10359	10360	10361	0	0	0	0	0	0	0	0	0	0	0	0	0	0	0
43	643	643	1	508	50      0	10372	10373	10374	10375	10376	0	0	0	0	0	0	0	0	0	0	0	0	0	0	0
43	647	647	1	508	100     0	10392	10393	10394	10395	10396	0	0	0	0	0	0	0	0	0	0	0	0	0	0	0
43	648	648	1	508	100     0	10397	10398	10399	10400	10401	0	0	0	0	0	0	0	0	0	0	0	0	0	0	0
43	654	654	1	508	110     0	10425	10426	10427	10428	10429	0	0	0	0	0	0	0	0	0	0	0	0	0	0	0
43	655	655	1	508	110     0	10430	10431	10432	10433	10434	0	0	0	0	0	0	0	0	0	0	0	0	0	0	0

44	294	294	1	508     40    	0	2940    0	0	0	0	0	0	0	0	0	2940	0	0	0	0	0	0	0	0	0
44	295	295	1	508     40    	0	2950    0	0	0	0	0	0	0	0	0	2950	0	0	0	0	0	0	0	0	0
44	296	296	1	508     35    	0	2960    0	0	0	0	0	0	0	0	0	2960	0	0	0	0	0	0	0	0	0
44	297	297	1	508     35    	0	2970    0	0	0	0	0	0	0	0	0	2970	0	0	0	0	0	0	0	0	0
44	298	298	1	508     35    	0	2980    0	0	0	0	0	0	0	0	0	2980	0	0	0	0	0	0	0	0	0
44	299	299	1	508     35    	0	2990    0	0	0	0	0	0	0	0	0	2990	0	0	0	0	0	0	0	0	0
44	300	300	1	508     35    	0	3000    0	0	0	0	0	0	0	0	0	3000	0	0	0	0	0	0	0	0	0
44	301	301	1	508     35    	0	3010    0	0	0	0	0	0	0	0	0	3010	0	0	0	0	0	0	0	0	0
44	302	302	1	508     30    	0	3020    0	0	0	0	0	0	0	0	0	3020	0	0	0	0	0	0	0	0	0
44	303	303	1	508     30    	0	3030    0	0	0	0	0	0	0	0	0	3030	0	0	0	0	0	0	0	0	0
44	304	304	1	508     30    	0	3040    0	0	0	0	0	0	0	0	0	3040	0	0	0	0	0	0	0	0	0
44	305	305	1	508     30    	0	3050    0	0	0	0	0	0	0	0	0	3050	0	0	0	0	0	0	0	0	0
44	306	306	1	508     35    	0	3060    0	0	0	0	0	0	0	0	0	3060	0	0	0	0	0	0	0	0	0
44	307	307	1	508     20    	0	3070    0	0	0	0	0	0	0	0	0	3070	0	0	0	0	0	0	0	0	0
44	308	308	1	508     20    	0	3080    0	0	0	0	0	0	0	0	0	3080	0	0	0	0	0	0	0	0	0
44	309	309	1	508     20    	0	3090    0	0	0	0	0	0	0	0	0	3090	0	0	0	0	0	0	0	0	0
44	310	310	1	508     20    	0	3100    0	0	0	0	0	0	0	0	0	3100	0	0	0	0	0	0	0	0	0
44	311	311	1	508     20    	0	3110    0	0	0	0	0	0	0	0	0	3110	0	0	0	0	0	0	0	0	0
44	312	312	1	508     20    	0	3120    0	0	0	0	0	0	0	0	0	3120	0	0	0	0	0	0	0	0	0
44	492	492	1	508     40    	0	4920    0	0	0	0	0	0	0	0	0	4920	0	0	0	0	0	0	0	0	0
44	493	493	1	508     40    	0	4930    0	0	0	0	0	0	0	0	0	4930	0	0	0	0	0	0	0	0	0
44	494	494	1	508     40    	0	4940    0	0	0	0	0	0	0	0	0	4940	0	0	0	0	0	0	0	0	0
44	495	495	1	508     40    	0	4950    0	0	0	0	0	0	0	0	0	4950	0	0	0	0	0	0	0	0	0
44	496	496	1	508     40    	0	4960    0	0	0	0	0	0	0	0	0	4960	0	0	0	0	0	0	0	0	0
44	497	497	1	508     40    	0	4970    0	0	0	0	0	0	0	0	0	4970	0	0	0	0	0	0	0	0	0
44	498	498	1	508     40    	0	4980    0	0	0	0	0	0	0	0	0	4980	0	0	0	0	0	0	0	0	0
44	499	499	1	508     40    	0	4990    0	0	0	0	0	0	0	0	0	4990	0	0	0	0	0	0	0	0	0
44	500	500	1	508     40    	0	5000    0	0	0	0	0	0	0	0	0	5000	0	0	0	0	0	0	0	0	0
44	501	501	1	508     40    	0	5010    0	0	0	0	0	0	0	0	0	5010	0	0	0	0	0	0	0	0	0
44	502	502	1	508     40    	0	5020    0	0	0	0	0	0	0	0	0	5020	0	0	0	0	0	0	0	0	0

45	313	313	1	508     25    	0	3130    0	0	0	0	0	0	0	0	0	3130	0	0	0	0	0	0	0	0	0
45	314	314	1	508     25    	0	3140    0	0	0	0	0	0	0	0	0	3140	0	0	0	0	0	0	0	0	0
45	315	315	1	508     25    	0	3150    0	0	0	0	0	0	0	0	0	3150	0	0	0	0	0	0	0	0	0
45	316	316	1	508     25    	0	3160    0	0	0	0	0	0	0	0	0	3160	0	0	0	0	0	0	0	0	0
45	317	317	1	508     25    	0	3170    0	0	0	0	0	0	0	0	0	3170	0	0	0	0	0	0	0	0	0
45	318	318	1	508     20    	0	3180    0	0	0	0	0	0	0	0	0	3180	0	0	0	0	0	0	0	0	0
45	319	319	1	508     20    	0	3190    0	0	0	0	0	0	0	0	0	3190	0	0	0	0	0	0	0	0	0
45	320	320	1	508     20    	0	3200    0	0	0	0	0	0	0	0	0	3200	0	0	0	0	0	0	0	0	0
45	321	321	1	508     20    	0	3210    0	0	0	0	0	0	0	0	0	3210	0	0	0	0	0	0	0	0	0
45	322	322	1	508     20    	0	3220    0	0	0	0	0	0	0	0	0	3220	0	0	0	0	0	0	0	0	0
45	323	323	1	508     15    	0	3230    0	0	0	0	0	0	0	0	0	3230	0	0	0	0	0	0	0	0	0
45	324	324	1	508     15    	0	3240    0	0	0	0	0	0	0	0	0	3240	0	0	0	0	0	0	0	0	0
45	325	325	1	508     15    	0	3250    0	0	0	0	0	0	0	0	0	3250	0	0	0	0	0	0	0	0	0
45	326	326	1	508     15    	0	3260    0	0	0	0	0	0	0	0	0	3260	0	0	0	0	0	0	0	0	0
45	327	327	1	508     15    	0	3270    0	0	0	0	0	0	0	0	0	3270	0	0	0	0	0	0	0	0	0
45	328	328	1	508     10    	0	3280    0	0	0	0	0	0	0	0	0	3280	0	0	0	0	0	0	0	0	0
45	329	329	1	508     10    	0	3290    0	0	0	0	0	0	0	0	0	3290	0	0	0	0	0	0	0	0	0
45	330	330	1	508     10    	0	3300    0	0	0	0	0	0	0	0	0	3300	0	0	0	0	0	0	0	0	0
45	331	331	1	508     10    	0	3310    0	0	0	0	0	0	0	0	0	3310	0	0	0	0	0	0	0	0	0
45	332	332	1	508     10    	0	3320    0	0	0	0	0	0	0	0	0	3320	0	0	0	0	0	0	0	0	0
45	333	333	1	508     10    	0	3330    0	0	0	0	0	0	0	0	0	3330	0	0	0	0	0	0	0	0	0
45	334	334	1	508     10    	0	3340    0	0	0	0	0	0	0	0	0	3340	0	0	0	0	0	0	0	0	0
45	335	335	1	508     5    	0	3350    0	0	0	0	0	0	0	0	0	3350	0	0	0	0	0	0	0	0	0
45	336	336	1	508     5    	0	3360    0	0	0	0	0	0	0	0	0	3360	0	0	0	0	0	0	0	0	0
45	337	337	1	508     5    	0	3370    0	0	0	0	0	0	0	0	0	3370	0	0	0	0	0	0	0	0	0
45	338	338	1	508     5    	0	3380    0	0	0	0	0	0	0	0	0	3380	0	0	0	0	0	0	0	0	0

46	340	340	1	508     15    	0	3400    0	0	0	0	0	0	0	0	0	3400	0	0	0	0	0	0	0	0	0
46	341	341	1	508     15    	0	3410    0	0	0	0	0	0	0	0	0	3410	0	0	0	0	0	0	0	0	0
46	342	342	1	508     15    	0	3420    0	0	0	0	0	0	0	0	0	3420	0	0	0	0	0	0	0	0	0
46	343	343	1	508     15    	0	3430    0	0	0	0	0	0	0	0	0	3430	0	0	0	0	0	0	0	0	0
46	344	344	1	508     15    	0	3440    0	0	0	0	0	0	0	0	0	3440	0	0	0	0	0	0	0	0	0
46	345	345	1	508     15    	0	3450    0	0	0	0	0	0	0	0	0	3450	0	0	0	0	0	0	0	0	0
46	503	503	1	508     15    	0	5030    0	0	0	0	0	0	0	0	0	5030	0	0	0	0	0	0	0	0	0
46	504	504	1	508     15    	0	5040    0	0	0	0	0	0	0	0	0	5040	0	0	0	0	0	0	0	0	0
46	505	505	1	508     15    	0	5050    0	0	0	0	0	0	0	0	0	5050	0	0	0	0	0	0	0	0	0

47	339	339	1	508     15    	0	3390    0	0	0	0	0	0	0	0	0	3390	0	0	0	0	0	0	0	0	0
47	346	346	1	508     15    	0	3460    0	0	0	0	0	0	0	0	0	3460	0	0	0	0	0	0	0	0	0
47	347	347	1	508     15    	0	3470    0	0	0	0	0	0	0	0	0	3470	0	0	0	0	0	0	0	0	0
47	348	348	1	508     15    	0	3480    0	0	0	0	0	0	0	0	0	3480	0	0	0	0	0	0	0	0	0
47	349	349	1	508     15    	0	3490    0	0	0	0	0	0	0	0	0	3490	0	0	0	0	0	0	0	0	0
47	350	350	1	508     15    	0	3500    0	0	0	0	0	0	0	0	0	3500	0	0	0	0	0	0	0	0	0
47	506	506	1	508     15    	0	5060    0	0	0	0	0	0	0	0	0	5060	0	0	0	0	0	0	0	0	0
47	507	507	1	508     15    	0	5070    0	0	0	0	0	0	0	0	0	5070	0	0	0	0	0	0	0	0	0

48	530	530	1	508     10    	0	5300    0	0	0	0	0	0	0	0	0	5300	0	0	0	0	0	0	0	0	0
48	531	531	1	508     10    	0	5310    0	0	0	0	0	0	0	0	0	5310	0	0	0	0	0	0	0	0	0
48	532	532	1	508     10    	0	5320    0	0	0	0	0	0	0	0	0	5320	0	0	0	0	0	0	0	0	0
48	533	533	1	508     10    	0	5330    0	0	0	0	0	0	0	0	0	5330	0	0	0	0	0	0	0	0	0
48	534	534	1	508     10    	0	5340    0	0	0	0	0	0	0	0	0	5340	0	0	0	0	0	0	0	0	0
48	535	535	1	508     10    	0	5350    0	0	0	0	0	0	0	0	0	5350	0	0	0	0	0	0	0	0	0
48	536	536	1	508     10    	0	5360    0	0	0	0	0	0	0	0	0	5360	0	0	0	0	0	0	0	0	0
48	537	537	1	508     10    	0	5370    0	0	0	0	0	0	0	0	0	5370	0	0	0	0	0	0	0	0	0
48	538	538	1	508     10    	0	5380    0	0	0	0	0	0	0	0	0	5380	0	0	0	0	0	0	0	0	0
48	539	539	1	508     15    	0	5390    0	0	0	0	0	0	0	0	0	5390	0	0	0	0	0	0	0	0	0
48	540	540	1	508     10    	0	5400    0	0	0	0	0	0	0	0	0	5400	0	0	0	0	0	0	0	0	0
48	541	541	1	508     10    	0	5410    0	0	0	0	0	0	0	0	0	5410	0	0	0	0	0	0	0	0	0
48	542	542	1	508     10    	0	5420    0	0	0	0	0	0	0	0	0	5420	0	0	0	0	0	0	0	0	0
48	543	543	1	508     10    	0	5430    0	0	0	0	0	0	0	0	0	5430	0	0	0	0	0	0	0	0	0
48	544	544	1	508     10    	0	5440    0	0	0	0	0	0	0	0	0	5440	0	0	0	0	0	0	0	0	0
48	545	545	1	508     10    	0	5450    0	0	0	0	0	0	0	0	0	5450	0	0	0	0	0	0	0	0	0
48	546	546	1	508     10    	0	5460    0	0	0	0	0	0	0	0	0	5460	0	0	0	0	0	0	0	0	0
48	547	547	1	508     10    	0	5470    0	0	0	0	0	0	0	0	0	5470	0	0	0	0	0	0	0	0	0
48	548	548	1	508     10    	0	5480    0	0	0	0	0	0	0	0	0	5480	0	0	0	0	0	0	0	0	0
48	549	549	1	508     10    	0	5490    0	0	0	0	0	0	0	0	0	5490	0	0	0	0	0	0	0	0	0
48	550	550	1	508     10    	0	5500    0	0	0	0	0	0	0	0	0	5500	0	0	0	0	0	0	0	0	0
48	551	551	1	508     10    	0	5510    0	0	0	0	0	0	0	0	0	5510	0	0	0	0	0	0	0	0	0
48	552	552	1	508     10    	0	5520    0	0	0	0	0	0	0	0	0	5520	0	0	0	0	0	0	0	0	0
48	553	553	1	508     13    	0	5530    0	0	0	0	0	0	0	0	0	5530	0	0	0	0	0	0	0	0	0
48	554	554	1	508     13    	0	5540    0	0	0	0	0	0	0	0	0	5540	0	0	0	0	0	0	0	0	0
48	555	555	1	508     13    	0	5550    0	0	0	0	0	0	0	0	0	5550	0	0	0	0	0	0	0	0	0
48	556	556	1	508     13    	0	5560    0	0	0	0	0	0	0	0	0	5560	0	0	0	0	0	0	0	0	0
48	557	557	1	508     13    	0	5570    0	0	0	0	0	0	0	0	0	5570	0	0	0	0	0	0	0	0	0
48	558	558	1	508     13    	0	5580    0	0	0	0	0	0	0	0	0	5580	0	0	0	0	0	0	0	0	0
48	559	559	1	508     13    	0	5590    0	0	0	0	0	0	0	0	0	5590	0	0	0	0	0	0	0	0	0
48	560	560	1	508     13    	0	5600    0	0	0	0	0	0	0	0	0	5600	0	0	0	0	0	0	0	0	0
48	561	561	1	508     13    	0	5610    0	0	0	0	0	0	0	0	0	5610	0	0	0	0	0	0	0	0	0
48	562	562	1	508     13    	0	5620    0	0	0	0	0	0	0	0	0	5620	0	0	0	0	0	0	0	0	0
48	563	563	1	508     13    	0	5630    0	0	0	0	0	0	0	0	0	5630	0	0	0	0	0	0	0	0	0
48	564	564	1	508     13    	0	5640    0	0	0	0	0	0	0	0	0	5640	0	0	0	0	0	0	0	0	0
48	565	565	1	508     13    	0	5650    0	0	0	0	0	0	0	0	0	5650	0	0	0	0	0	0	0	0	0
48	566	566	1	508     13    	0	5660    0	0	0	0	0	0	0	0	0	5660	0	0	0	0	0	0	0	0	0
48	567	567	1	508     13    	0	5670    0	0	0	0	0	0	0	0	0	5670	0	0	0	0	0	0	0	0	0
48	568	568	1	508     13    	0	5680    0	0	0	0	0	0	0	0	0	5680	0	0	0	0	0	0	0	0	0
48	569	569	1	508     13    	0	5690    0	0	0	0	0	0	0	0	0	5690	0	0	0	0	0	0	0	0	0
48	570	570	1	508     13    	0	5700    0	0	0	0	0	0	0	0	0	5700	0	0	0	0	0	0	0	0	0
48	571	571	1	508     15    	0	5710    0	0	0	0	0	0	0	0	0	5710	0	0	0	0	0	0	0	0	0
48	572	572	1	508     15    	0	5720    0	0	0	0	0	0	0	0	0	5720	0	0	0	0	0	0	0	0	0
48	573	573	1	508     13    	0	5730    0	0	0	0	0	0	0	0	0	5730	0	0	0	0	0	0	0	0	0
48	574	574	1	508     13    	0	5740    0	0	0	0	0	0	0	0	0	5740	0	0	0	0	0	0	0	0	0
48	575	575	1	508     15    	0	5750    0	0	0	0	0	0	0	0	0	5750	0	0	0	0	0	0	0	0	0
48	576	576	1	508     13    	0	5760    0	0	0	0	0	0	0	0	0	5760	0	0	0	0	0	0	0	0	0
48	577	577	1	508     13    	0	5770    0	0	0	0	0	0	0	0	0	5770	0	0	0	0	0	0	0	0	0
48	578	578	1	508     13    	0	5780    0	0	0	0	0	0	0	0	0	5780	0	0	0	0	0	0	0	0	0
48	579	579	1	508     13    	0	5790    0	0	0	0	0	0	0	0	0	5790	0	0	0	0	0	0	0	0	0
48	580	580	1	508     13    	0	5800    0	0	0	0	0	0	0	0	0	5800	0	0	0	0	0	0	0	0	0
48	581	581	1	508     15    	0	5810    0	0	0	0	0	0	0	0	0	5810	0	0	0	0	0	0	0	0	0
48	582	582	1	508     15    	0	5820    0	0	0	0	0	0	0	0	0	5820	0	0	0	0	0	0	0	0	0
48	583	583	1	508     13    	0	5830    0	0	0	0	0	0	0	0	0	5830	0	0	0	0	0	0	0	0	0
48	584	584	1	508     13    	0	5840    0	0	0	0	0	0	0	0	0	5840	0	0	0	0	0	0	0	0	0
48	585	585	1	508     13    	0	5850    0	0	0	0	0	0	0	0	0	5850	0	0	0	0	0	0	0	0	0
48	586	586	1	508     25    	0	5860    0	0	0	0	0	0	0	0	0	5860	0	0	0	0	0	0	0	0	0
48	587	587	1	508     15    	0	5870    0	0	0	0	0	0	0	0	0	5870	0	0	0	0	0	0	0	0	0

49	351	351	1	508     10    	0	3510    0	0	0	0	0	0	0	0	0	3510	0	0	0	0	0	0	0	0	0
49	352	352	1	508     10    	0	3520    0	0	0	0	0	0	0	0	0	3520	0	0	0	0	0	0	0	0	0
49	353	353	1	508     10    	0	3530    0	0	0	0	0	0	0	0	0	3530	0	0	0	0	0	0	0	0	0
49	354	354	1	508     15    	0	3540    0	0	0	0	0	0	0	0	0	3540	0	0	0	0	0	0	0	0	0
49	355	355	1	508     10    	0	3550    0	0	0	0	0	0	0	0	0	3550	0	0	0	0	0	0	0	0	0
49	356	356	1	508     10    	0	3560    0	0	0	0	0	0	0	0	0	3560	0	0	0	0	0	0	0	0	0
49	357	357	1	508     10    	0	3570    0	0	0	0	0	0	0	0	0	3570	0	0	0	0	0	0	0	0	0
49	358	358	1	508     10    	0	3580    0	0	0	0	0	0	0	0	0	3580	0	0	0	0	0	0	0	0	0
49	359	359	1	508     10    	0	3590    0	0	0	0	0	0	0	0	0	3590	0	0	0	0	0	0	0	0	0
49	360	360	1	508     10    	0	3600    0	0	0	0	0	0	0	0	0	3600	0	0	0	0	0	0	0	0	0
49	361	361	1	508     10    	0	3610    0	0	0	0	0	0	0	0	0	3610	0	0	0	0	0	0	0	0	0
49	362	362	1	508     10    	0	3620    0	0	0	0	0	0	0	0	0	3620	0	0	0	0	0	0	0	0	0
49	363	363	1	508     10    	0	3630    0	0	0	0	0	0	0	0	0	3630	0	0	0	0	0	0	0	0	0
49	364	364	1	508     10    	0	3640    0	0	0	0	0	0	0	0	0	3640	0	0	0	0	0	0	0	0	0
49	365	365	1	508     10    	0	3650    0	0	0	0	0	0	0	0	0	3650	0	0	0	0	0	0	0	0	0
49	366	366	1	508     15    	0	3660    0	0	0	0	0	0	0	0	0	3660	0	0	0	0	0	0	0	0	0
49	367	367	1	508     10    	0	3670    0	0	0	0	0	0	0	0	0	3670	0	0	0	0	0	0	0	0	0
49	368	368	1	508     10    	0	3680    0	0	0	0	0	0	0	0	0	3680	0	0	0	0	0	0	0	0	0
49	369	369	1	508     10    	0	3690    0	0	0	0	0	0	0	0	0	3690	0	0	0	0	0	0	0	0	0
49	370	370	1	508     15    	0	3700    0	0	0	0	0	0	0	0	0	3700	0	0	0	0	0	0	0	0	0
49	371	371	1	508     10    	0	3710    0	0	0	0	0	0	0	0	0	3710	0	0	0	0	0	0	0	0	0
49	372	372	1	508     10    	0	3720    0	0	0	0	0	0	0	0	0	3720	0	0	0	0	0	0	0	0	0
49	373	373	1	508     10    	0	3730    0	0	0	0	0	0	0	0	0	3730	0	0	0	0	0	0	0	0	0
49	374	374	1	508     15    	0	3740    0	0	0	0	0	0	0	0	0	3740	0	0	0	0	0	0	0	0	0
49	375	375	1	508     10    	0	3750    0	0	0	0	0	0	0	0	0	3750	0	0	0	0	0	0	0	0	0
49	376	376	1	508     10    	0	3760    0	0	0	0	0	0	0	0	0	3760	0	0	0	0	0	0	0	0	0
49	377	377	1	508     10    	0	3770    0	0	0	0	0	0	0	0	0	3770	0	0	0	0	0	0	0	0	0
49	378	378	1	508     15    	0	3780    0	0	0	0	0	0	0	0	0	3780	0	0	0	0	0	0	0	0	0
49	379	379	1	508     10    	0	3790    0	0	0	0	0	0	0	0	0	3790	0	0	0	0	0	0	0	0	0
49	380	380	1	508     10    	0	3800    0	0	0	0	0	0	0	0	0	3800	0	0	0	0	0	0	0	0	0
49	381	381	1	508     10    	0	3810    0	0	0	0	0	0	0	0	0	3810	0	0	0	0	0	0	0	0	0
49	382	382	1	508     10    	0	3820    0	0	0	0	0	0	0	0	0	3820	0	0	0	0	0	0	0	0	0
49	383	383	1	508     10    	0	3830    0	0	0	0	0	0	0	0	0	3830	0	0	0	0	0	0	0	0	0
49	384	384	1	508     10    	0	3840    0	0	0	0	0	0	0	0	0	3840	0	0	0	0	0	0	0	0	0
49	385	385	1	508     10    	0	3850    0	0	0	0	0	0	0	0	0	3850	0	0	0	0	0	0	0	0	0
49	386	386	1	508     10    	0	3860    0	0	0	0	0	0	0	0	0	3860	0	0	0	0	0	0	0	0	0
49	387	387	1	508     10    	0	3870    0	0	0	0	0	0	0	0	0	3870	0	0	0	0	0	0	0	0	0
49	388	388	1	508     10    	0	3880    0	0	0	0	0	0	0	0	0	3880	0	0	0	0	0	0	0	0	0
49	389	389	1	508     15    	0	3890    0	0	0	0	0	0	0	0	0	3890	0	0	0	0	0	0	0	0	0
49	390	390	1	508     10    	0	3900    0	0	0	0	0	0	0	0	0	3900	0	0	0	0	0	0	0	0	0
49	391	391	1	508     10    	0	3910    0	0	0	0	0	0	0	0	0	3910	0	0	0	0	0	0	0	0	0
49	392	392	1	508     10    	0	3920    0	0	0	0	0	0	0	0	0	3920	0	0	0	0	0	0	0	0	0
49	393	393	1	508     10    	0	3930    0	0	0	0	0	0	0	0	0	3930	0	0	0	0	0	0	0	0	0
49	394	394	1	508     10    	0	3940    0	0	0	0	0	0	0	0	0	3940	0	0	0	0	0	0	0	0	0
49	395	395	1	508     10    	0	3950    0	0	0	0	0	0	0	0	0	3950	0	0	0	0	0	0	0	0	0
49	396	396	1	508     10    	0	3960    0	0	0	0	0	0	0	0	0	3960	0	0	0	0	0	0	0	0	0
49	397	397	1	508     15    	0	3970    0	0	0	0	0	0	0	0	0	3970	0	0	0	0	0	0	0	0	0
49	398	398	1	508     10    	0	3980    0	0	0	0	0	0	0	0	0	3980	0	0	0	0	0	0	0	0	0
49	399	399	1	508     10    	0	3990    0	0	0	0	0	0	0	0	0	3990	0	0	0	0	0	0	0	0	0
49	400	400	1	508     10    	0	4000    0	0	0	0	0	0	0	0	0	4000	0	0	0	0	0	0	0	0	0
49	401	401	1	508     10    	0	4010    0	0	0	0	0	0	0	0	0	4010	0	0	0	0	0	0	0	0	0
49	402	402	1	508     15    	0	4020    0	0	0	0	0	0	0	0	0	4020	0	0	0	0	0	0	0	0	0
49	403	403	1	508     10    	0	4030    0	0	0	0	0	0	0	0	0	4030	0	0	0	0	0	0	0	0	0
49	404	404	1	508     10    	0	4040    0	0	0	0	0	0	0	0	0	4040	0	0	0	0	0	0	0	0	0
49	405	405	1	508     10    	0	4050    0	0	0	0	0	0	0	0	0	4050	0	0	0	0	0	0	0	0	0
49	406	406	1	508     15    	0	4060    0	0	0	0	0	0	0	0	0	4060	0	0	0	0	0	0	0	0	0
49	407	407	1	508     15    	0	4070    0	0	0	0	0	0	0	0	0	4070	0	0	0	0	0	0	0	0	0
49	408	408	1	508     10    	0	4080    0	0	0	0	0	0	0	0	0	4080	0	0	0	0	0	0	0	0	0
49	409	409	1	508     10    	0	4090    0	0	0	0	0	0	0	0	0	4090	0	0	0	0	0	0	0	0	0
49	410	410	1	508     10    	0	4100    0	0	0	0	0	0	0	0	0	4100	0	0	0	0	0	0	0	0	0
49	411	411	1	508     10    	0	4110    0	0	0	0	0	0	0	0	0	4110	0	0	0	0	0	0	0	0	0
49	412	412	1	508     10    	0	4120    0	0	0	0	0	0	0	0	0	4120	0	0	0	0	0	0	0	0	0
49	413	413	1	508     10    	0	4130    0	0	0	0	0	0	0	0	0	4130	0	0	0	0	0	0	0	0	0
49	414	414	1	508     10    	0	4140    0	0	0	0	0	0	0	0	0	4140	0	0	0	0	0	0	0	0	0
49	415	415	1	508     10    	0	4150    0	0	0	0	0	0	0	0	0	4150	0	0	0	0	0	0	0	0	0
49	416	416	1	508     10    	0	4160    0	0	0	0	0	0	0	0	0	4160	0	0	0	0	0	0	0	0	0
49	417	417	1	508     15    	0	4170    0	0	0	0	0	0	0	0	0	4170	0	0	0	0	0	0	0	0	0
49	418	418	1	508     15    	0	4180    0	0	0	0	0	0	0	0	0	4180	0	0	0	0	0	0	0	0	0
49	419	419	1	508     10    	0	4190    0	0	0	0	0	0	0	0	0	4190	0	0	0	0	0	0	0	0	0
49	420	420	1	508     10    	0	4200    0	0	0	0	0	0	0	0	0	4200	0	0	0	0	0	0	0	0	0
49	421	421	1	508     10    	0	4210    0	0	0	0	0	0	0	0	0	4210	0	0	0	0	0	0	0	0	0
49	422	422	1	508     15    	0	4220    0	0	0	0	0	0	0	0	0	4220	0	0	0	0	0	0	0	0	0
49	423	423	1	508     10    	0	4230    0	0	0	0	0	0	0	0	0	4230	0	0	0	0	0	0	0	0	0
49	424	424	1	508     10    	0	4240    0	0	0	0	0	0	0	0	0	4240	0	0	0	0	0	0	0	0	0
49	425	425	1	508     10    	0	4250    0	0	0	0	0	0	0	0	0	4250	0	0	0	0	0	0	0	0	0
49	426	426	1	508     10    	0	4260    0	0	0	0	0	0	0	0	0	4260	0	0	0	0	0	0	0	0	0
49	427	427	1	508     10    	0	4270    0	0	0	0	0	0	0	0	0	4270	0	0	0	0	0	0	0	0	0
49	428	428	1	508     10    	0	4280    0	0	0	0	0	0	0	0	0	4280	0	0	0	0	0	0	0	0	0
49	429	429	1	508     10    	0	4290    0	0	0	0	0	0	0	0	0	4290	0	0	0	0	0	0	0	0	0
49	430	430	1	508     10    	0	4300    0	0	0	0	0	0	0	0	0	4300	0	0	0	0	0	0	0	0	0
49	431	431	1	508     10    	0	4310    0	0	0	0	0	0	0	0	0	4310	0	0	0	0	0	0	0	0	0
49	432	432	1	508     15    	0	4320    0	0	0	0	0	0	0	0	0	4320	0	0	0	0	0	0	0	0	0
49	433	433	1	508     10    	0	4330    0	0	0	0	0	0	0	0	0	4330	0	0	0	0	0	0	0	0	0
49	434	434	1	508     10    	0	4340    0	0	0	0	0	0	0	0	0	4340	0	0	0	0	0	0	0	0	0
49	435	435	1	508     10    	0	4350    0	0	0	0	0	0	0	0	0	4350	0	0	0	0	0	0	0	0	0
49	436	436	1	508     15    	0	4360    0	0	0	0	0	0	0	0	0	4360	0	0	0	0	0	0	0	0	0
49	519	519	1	508     10    	0	5190    0	0	0	0	0	0	0	0	0	5190	0	0	0	0	0	0	0	0	0
49	520	520	1	508     10    	0	5200    0	0	0	0	0	0	0	0	0	5200	0	0	0	0	0	0	0	0	0
49	521	521	1	508     10    	0	5210    0	0	0	0	0	0	0	0	0	5210	0	0	0	0	0	0	0	0	0
49	522	522	1	508     10    	0	5220    0	0	0	0	0	0	0	0	0	5220	0	0	0	0	0	0	0	0	0
49	523	523	1	508     10    	0	5230    0	0	0	0	0	0	0	0	0	5230	0	0	0	0	0	0	0	0	0
49	524	524	1	508     15    	0	5240    0	0	0	0	0	0	0	0	0	5240	0	0	0	0	0	0	0	0	0
49	525	525	1	508     10    	0	5250    0	0	0	0	0	0	0	0	0	5250	0	0	0	0	0	0	0	0	0
49	526	526	1	508     10    	0	5260    0	0	0	0	0	0	0	0	0	5260	0	0	0	0	0	0	0	0	0
49	527	527	1	508     10    	0	5270    0	0	0	0	0	0	0	0	0	5270	0	0	0	0	0	0	0	0	0
49	528	528	1	508     10    	0	5280    0	0	0	0	0	0	0	0	0	5280	0	0	0	0	0	0	0	0	0
49	529	529	1	508     10    	0	5290    0	0	0	0	0	0	0	0	0	5290	0	0	0	0	0	0	0	0	0

51	1	589	1	508	15      0	5890	0	0	0	0	0	0	0	0	0	5890	0	0	0	0	0	0	0	0	0
51	1	590	1	508	10      0	5900	0	0	0	0	0	0	0	0	0	5900	0	0	0	0	0	0	0	0	0
51	1	591	1	508	10      0	5910	0	0	0	0	0	0	0	0	0	5910	0	0	0	0	0	0	0	0	0
51	1	592	1	508	20      0	5920	0	0	0	0	0	0	0	0	0	5920	0	0	0	0	0	0	0	0	0
51	1	593	1	508	15      0	5930	0	0	0	0	0	0	0	0	0	5930	0	0	0	0	0	0	0	0	0
51	1	594	1	508	15      0	5940	0	0	0	0	0	0	0	0	0	5940	0	0	0	0	0	0	0	0	0
51	1	595	1	508	 3      0	5950	0	0	0	0	0	0	0	0	0	5950	0	0	0	0	0	0	0	0	0
51	1	596	1	508	 3      0	5960	0	0	0	0	0	0	0	0	0	5960	0	0	0	0	0	0	0	0	0
51	1	602	1	508	20      0	4610	4550	5960	5970	4820	4830	4570	4570	4570	4570	0	0	0	0	0	0	0	0	0	0

52	1	464	1	508	 2      0	4640	0	0	0	0	0	0	0	0	0	4640	0	0	0	0	0	0	0	0	0
52	1	465	1	508	 2      0	4650	0	0	0	0	0	0	0	0	0	4650	0	0	0	0	0	0	0	0	0
52	1	466	1	508	 2      0	4660	0	0	0	0	0	0	0	0	0	4660	0	0	0	0	0	0	0	0	0
52	1	467	1	508	 2      0	4670	0	0	0	0	0	0	0	0	0	4670	0	0	0	0	0	0	0	0	0
52	1	468	1	508	 2      0	4680	0	0	0	0	0	0	0	0	0	4680	0	0	0	0	0	0	0	0	0
52	1	469	1	508	 2      0	4690	0	0	0	0	0	0	0	0	0	4690	0	0	0	0	0	0	0	0	0
52	1	470	1	508	 3      0	4700	0	0	0	0	0	0	0	0	0	4700	0	0	0	0	0	0	0	0	0
52	1	471	1	508	 3      0	4710	0	0	0	0	0	0	0	0	0	4710	0	0	0	0	0	0	0	0	0
52	1	472	1	508	 2      0	4720	0	0	0	0	0	0	0	0	0	4720	0	0	0	0	0	0	0	0	0
52	1	477	1	508	 2      0	4770	0	0	0	0	0	0	0	0	0	4770	0	0	0	0	0	0	0	0	0
52	1	478	1	508	 2      0	4780	0	0	0	0	0	0	0	0	0	4780	0	0	0	0	0	0	0	0	0
52	1	479	1	508	 2      0	4790	0	0	0	0	0	0	0	0	0	4790	0	0	0	0	0	0	0	0	0
52	1	480	1	508	 2      0	4800	0	0	0	0	0	0	0	0	0	4800	0	0	0	0	0	0	0	0	0
52	1	481	1	508	 2      0	4810	0	0	0	0	0	0	0	0	0	4810	0	0	0	0	0	0	0	0	0
52	1	482	1	508	 2      0	4820	0	0	0	0	0	0	0	0	0	4820	0	0	0	0	0	0	0	0	0
52	1	483	1	508	 3      0	4830	0	0	0	0	0	0	0	0	0	4830	0	0	0	0	0	0	0	0	0
52	1	484	1	508	 3      0	4840	0	0	0	0	0	0	0	0	0	4840	0	0	0	0	0	0	0	0	0

53	1	442	1	508	10      0	4420	0	0	0	0	0	0	0	0	0	4420	0	0	0	0	0	0	0	0	0
53	1	443	1	508	10      0	4430	0	0	0	0	0	0	0	0	0	4430	0	0	0	0	0	0	0	0	0
53	1	444	1	508	10      0	4440	0	0	0	0	0	0	0	0	0	4440	0	0	0	0	0	0	0	0	0
53	1	445	1	508	10      0	4450	0	0	0	0	0	0	0	0	0	4450	0	0	0	0	0	0	0	0	0
53	1	446	1	508	10      0	4460	0	0	0	0	0	0	0	0	0	4460	0	0	0	0	0	0	0	0	0
53	1	447	1	508	10      0	4470	0	0	0	0	0	0	0	0	0	4470	0	0	0	0	0	0	0	0	0
53	1	448	1	508	10      0	4480	0	0	0	0	0	0	0	0	0	4480	0	0	0	0	0	0	0	0	0
53	1	449	1	508	10      0	4490	0	0	0	0	0	0	0	0	0	4490	0	0	0	0	0	0	0	0	0
53	1	450	1	508	10      0	4500	0	0	0	0	0	0	0	0	0	4500	0	0	0	0	0	0	0	0	0
53	1	451	1	508	10      0	4510	0	0	0	0	0	0	0	0	0	4510	0	0	0	0	0	0	0	0	0
53	1	452	1	508	10      0	4520	0	0	0	0	0	0	0	0	0	4520	0	0	0	0	0	0	0	0	0
53	1	453	1	508	10      0	4530	0	0	0	0	0	0	0	0	0	4530	0	0	0	0	0	0	0	0	0
53	1	454	1	509	10      0	4540	0	0	0	0	0	0	0	0	0	4540	0	0	0	0	0	0	0	0	0
53	1	456	1	509	10      0	4560	0	0	0	0	0	0	0	0	0	4560	0	0	0	0	0	0	0	0	0

54	1	455	1	508	3       0	4550	0	0	0	0	0	0	0	0	0	4550	0	0	0	0	0	0	0	0	0
54	1	457	1	508	3       0	4570	0	0	0	0	0	0	0	0	0	4570	0	0	0	0	0	0	0	0	0
54	1	458	1	508	1       0	4580	0	0	0	0	0	0	0	0	0	4580	0	0	0	0	0	0	0	0	0
54	1	459	1	508	10      0	4590	0	0	0	0	0	0	0	0	0	4590	0	0	0	0	0	0	0	0	0
54	1	460	1	508	15      0	4600	0	0	0	0	0	0	0	0	0	4600	0	0	0	0	0	0	0	0	0
54	1	461	1	508	15      0	4610	0	0	0	0	0	0	0	0	0	4610	0	0	0	0	0	0	0	0	0
54	1	462	1	508	15      0	4620	0	0	0	0	0	0	0	0	0	4620	0	0	0	0	0	0	0	0	0
54	1	463	1	508	15      0	4630	0	0	0	0	0	0	0	0	0	4630	0	0	0	0	0	0	0	0	0
54	1	473	1	508	1       0	4730	0	0	0	0	0	0	0	0	0	4730	0	0	0	0	0	0	0	0	0

55	1	474	1	508	1       0	4740	0	0	0	0	0	0	0	0	0	4740	0	0	0	0	0	0	0	0	0
55	1	475	1	508	1       0	4750	0	0	0	0	0	0	0	0	0	4750	0	0	0	0	0	0	0	0	0
55	1	597	1	508	3       0	5970	0	0	0	0	0	0	0	0	0	5970	0	0	0	0	0	0	0	0	0

56	1	608	1	508	3       0	6080	0	0	0	0	0	0	0	0	0	6080	0	0	0	0	0	0	0	0	0
56	1	609	1	508	3       0	6090	0	0	0	0	0	0	0	0	0	6090	0	0	0	0	0	0	0	0	0
56	1	610	1	508	3       0	6100	0	0	0	0	0	0	0	0	0	6100	0	0	0	0	0	0	0	0	0
56	1	611	1	508	3       0	6110	0	0	0	0	0	0	0	0	0	6110	0	0	0	0	0	0	0	0	0
56	1	612	1	508	3       0	6120	0	0	0	0	0	0	0	0	0	6120	0	0	0	0	0	0	0	0	0
56	1	613	1	508	3       0	6130	0	0	0	0	0	0	0	0	0	6130	0	0	0	0	0	0	0	0	0
56	1	614	1	508	3       0	6140	0	0	0	0	0	0	0	0	0	6140	0	0	0	0	0	0	0	0	0
56	1	615	1	508	3       0	6150	0	0	0	0	0	0	0	0	0	6150	0	0	0	0	0	0	0	0	0
56	1	616	1	508	3       0	6160	0	0	0	0	0	0	0	0	0	6160	0	0	0	0	0	0	0	0	0
56	1	617	1	508	3       0	6170	0	0	0	0	0	0	0	0	0	6170	0	0	0	0	0	0	0	0	0
56	1	618	1	508	3       0	6180	0	0	0	0	0	0	0	0	0	6180	0	0	0	0	0	0	0	0	0
56	1	619	1	508	3       0	6190	0	0	0	0	0	0	0	0	0	6190	0	0	0	0	0	0	0	0	0
56	1	620	1	508	3       0	6200	0	0	0	0	0	0	0	0	0	6200	0	0	0	0	0	0	0	0	0
56	1	621	1	508	3       0	6210	0	0	0	0	0	0	0	0	0	6210	0	0	0	0	0	0	0	0	0
56	1	622	1	508	3       0	6220	0	0	0	0	0	0	0	0	0	6220	0	0	0	0	0	0	0	0	0
56	1	623	1	508	3       0	6230	0	0	0	0	0	0	0	0	0	6230	0	0	0	0	0	0	0	0	0

57	1	437	1	508	10      0	4370	0	0	0	0	0	0	0	0	0	4370	0	0	0	0	0	0	0	0	0
57	1	659	1	508	20      0	6590	0	0	0	0	0	0	0	0	0	6590	0	0	0	0	0	0	0	0	0
57	1	660	1	508	30      0	6600	0	0	0	0	0	0	0	0	0	6600	0	0	0	0	0	0	0	0	0


61	1	438	1	0	500     0	4380	0	0	0	0	0	0	0	0	0	4380	0	0	0	0	0	0	0	0	0
61	1	439	1	0	1000    0	4390	0	0	0	0	0	0	0	0	0	4390	0	0	0	0	0	0	0	0	0
61	1	440	1	509	500     0	4400	0	0	0	0	0	0	0	0	0	4400	0	0	0	0	0	0	0	0	0
61	1	441	1	509	1000    0	4410	0	0	0	0	0	0	0	0	0	4410	0	0	0	0	0	0	0	0	0
61	1	598	1	0	10000   0	5980	0	0	0	0	0	0	0	0	0	5980	0	0	0	0	0	0	0	0	0
61	1	599	1	0	40000   0	5990	0	0	0	0	0	0	0	0	0	5990	0	0	0	0	0	0	0	0	0
61	1	600	1	0	25000   0	6000	0	0	0	0	0	0	0	0	0	6000	0	0	0	0	0	0	0	0	0
61	1	601	1	0	5000    0	6010	0	0	0	0	0	0	0	0	0	6010	0	0	0	0	0	0	0	0	0
61	1	688	1	509	40000   0	6880	0	0	0	0	0	0	0	0	0	6880	0	0	0	0	0	0	0	0	0
61	1	689	1	509	30000   0	6890	0	0	0	0	0	0	0	0	0	6890	0	0	0	0	0	0	0	0	0


62	1	476	1	0	1000    0	4760	0	0	0	0	0	0	0	0	0	4760	0	0	0	0	0	0	0	0	0
62	1	485	1	0	1000    0	4850	0	0	0	0	0	0	0	0	0	4850	0	0	0	0	0	0	0	0	0
62	1	486	1	0	1000    0	4860	0	0	0	0	0	0	0	0	0	4860	0	0	0	0	0	0	0	0	0
62	1	487	1	0	1000    0	4870	0	0	0	0	0	0	0	0	0	4870	0	0	0	0	0	0	0	0	0
62	1	488	1	0	1000    0	4880	0	0	0	0	0	0	0	0	0	4880	0	0	0	0	0	0	0	0	0
62	1	518	1	0	1000    0	5180	0	0	0	0	0	0	0	0	0	5180	0	0	0	0	0	0	0	0	0
62	1	603	1	509	5000    0	6030	0	0	0	0	0	0	0	0	0	6030	0	0	0	0	0	0	0	0	0
62	1	604	1	509	5000    0	6040	0	0	0	0	0	0	0	0	0	6040	0	0	0	0	0	0	0	0	0
62	1	605	1	509	5000    0	6050	0	0	0	0	0	0	0	0	0	6050	0	0	0	0	0	0	0	0	0

63	1	489	1	0	300     0	4890	0	0	0	0	0	0	0	0	0	4890	0	0	0	0	0	0	0	0	0
63	1	508	1	0	300     0	5080	0	0	0	0	0	0	0	0	0	5080	0	0	0	0	0	0	0	0	0
63	1	509	1	0	300     0	5090	0	0	0	0	0	0	0	0	0	5090	0	0	0	0	0	0	0	0	0
63	1	510	1	0	300     0	5100	0	0	0	0	0	0	0	0	0	5100	0	0	0	0	0	0	0	0	0
63	1	511	1	0	2000    0	5110	0	0	0	0	0	0	0	0	0	5110	0	0	0	0	0	0	0	0	0
63	1	512	1	0	2000    0	5120	0	0	0	0	0	0	0	0	0	5120	0	0	0	0	0	0	0	0	0
63	1	513	1	0	2000    0	5130	0	0	0	0	0	0	0	0	0	5130	0	0	0	0	0	0	0	0	0
63	1	514	1	0	2000    0	5140	0	0	0	0	0	0	0	0	0	5140	0	0	0	0	0	0	0	0	0
63	1	515	1	0	2000    0	5150	0	0	0	0	0	0	0	0	0	5150	0	0	0	0	0	0	0	0	0
63	1	516	1	0	2000    0	5160	0	0	0	0	0	0	0	0	0	5160	0	0	0	0	0	0	0	0	0
63	1	517	1	0	2000    0	5170	0	0	0	0	0	0	0	0	0	5170	0	0	0	0	0	0	0	0	0
63	1	606	1	509	10000   0	6060	0	0	0	0	0	0	0	0	0	6060	0	0	0	0	0	0	0	0	0

64	1	661	1	509	20000   0	6610	0	0	0	0	0	0	0	0	0	6610	0	0	0	0	0	0	0	0	0
64	1	662	1	509	20000   0	6620	0	0	0	0	0	0	0	0	0	6620	0	0	0	0	0	0	0	0	0
64	1	663	1	509	18000   0	6630	0	0	0	0	0	0	0	0	0	6630	0	0	0	0	0	0	0	0	0
64	1	664	1	509	18000   0	6640	0	0	0	0	0	0	0	0	0	6640	0	0	0	0	0	0	0	0	0
64	1	665	1	509	18000   0	6650	0	0	0	0	0	0	0	0	0	6650	0	0	0	0	0	0	0	0	0
64	1	666	1	509	18000   0	6660	0	0	0	0	0	0	0	0	0	6660	0	0	0	0	0	0	0	0	0
64	1	667	1	509	18000   0	6670	0	0	0	0	0	0	0	0	0	6670	0	0	0	0	0	0	0	0	0
64	1	668	1	509	18000   0	6680	0	0	0	0	0	0	0	0	0	6680	0	0	0	0	0	0	0	0	0
64	1	669	1	509	18000   0	6690	0	0	0	0	0	0	0	0	0	6690	0	0	0	0	0	0	0	0	0
64	1	670	1	0	3000    0	6700	0	0	0	0	0	0	0	0	0	6700	0	0	0	0	0	0	0	0	0
64	1	671	1	0	3000    0	6710	0	0	0	0	0	0	0	0	0	6710	0	0	0	0	0	0	0	0	0
64	1	672	1	0	3000    0	6720	0	0	0	0	0	0	0	0	0	6720	0	0	0	0	0	0	0	0	0
64	1	673	1	0	3000    0	6730	0	0	0	0	0	0	0	0	0	6730	0	0	0	0	0	0	0	0	0
64	1	674	1	0	3000    0	6740	0	0	0	0	0	0	0	0	0	6740	0	0	0	0	0	0	0	0	0
64	1	675	1	0	3000    0	6750	0	0	0	0	0	0	0	0	0	6750	0	0	0	0	0	0	0	0	0
64	1	676	1	0	3000    0	6760	0	0	0	0	0	0	0	0	0	6760	0	0	0	0	0	0	0	0	0
64	1	677	1	0	3000    0	6770	0	0	0	0	0	0	0	0	0	6770	0	0	0	0	0	0	0	0	0
64	1	678	1	0	3000    0	6780	0	0	0	0	0	0	0	0	0	6780	0	0	0	0	0	0	0	0	0
64	1	679	1	0	3000    0	6790	0	0	0	0	0	0	0	0	0	6790	0	0	0	0	0	0	0	0	0
64	1	680	1	0	3000    0	6800	0	0	0	0	0	0	0	0	0	6800	0	0	0	0	0	0	0	0	0
64	1	681	1	0	3000    0	6810	0	0	0	0	0	0	0	0	0	6810	0	0	0	0	0	0	0	0	0
64	1	682	1	0	3000    0	6820	0	0	0	0	0	0	0	0	0	6820	0	0	0	0	0	0	0	0	0
64	1	683	1	0	3000    0	6830	0	0	0	0	0	0	0	0	0	6830	0	0	0	0	0	0	0	0	0
64	1	684	1	0	3000    0	6840	0	0	0	0	0	0	0	0	0	6840	0	0	0	0	0	0	0	0	0
64	1	685	1	0	3000    0	6850	0	0	0	0	0	0	0	0	0	6850	0	0	0	0	0	0	0	0	0
64	1	686	1	0	3000    0	6860	0	0	0	0	0	0	0	0	0	6860	0	0	0	0	0	0	0	0	0
64	1	687	1	0	3000    0	6870	0	0	0	0	0	0	0	0	0	6870	0	0	0	0	0	0	0	0	0

65	1	690	1	509	15000   0	6900	0	0	0	0	0	0	0	0	0	6900	0	0	0	0	0	0	0	0	0
65	1	691	1	509	15000   0	6910	0	0	0	0	0	0	0	0	0	6910	0	0	0	0	0	0	0	0	0
65	1	692	1	509	15000   0	6920	0	0	0	0	0	0	0	0	0	6920	0	0	0	0	0	0	0	0	0
65	1	693	1	509	15000   0	6930	0	0	0	0	0	0	0	0	0	6930	0	0	0	0	0	0	0	0	0
65	1	694	1	509	15000   0	6940	0	0	0	0	0	0	0	0	0	6940	0	0	0	0	0	0	0	0	0
65	1	695	1	509	15000   0	6950	0	0	0	0	0	0	0	0	0	6950	0	0	0	0	0	0	0	0	0
65	1	696	1	509	15000   0	6960	0	0	0	0	0	0	0	0	0	6960	0	0	0	0	0	0	0	0	0
65	1	697	1	509	15000   0	6970	0	0	0	0	0	0	0	0	0	6970	0	0	0	0	0	0	0	0	0
65	1	698	1	509	15000   0	6980	0	0	0	0	0	0	0	0	0	6980	0	0	0	0	0	0	0	0	0
65	1	699	1	509	15000   0	6990	0	0	0	0	0	0	0	0	0	6990	0	0	0	0	0	0	0	0	0
65	1	700	1	509	15000   0	7000	0	0	0	0	0	0	0	0	0	7000	0	0	0	0	0	0	0	0	0
65	1	701	1	509	15000   0	7010	0	0	0	0	0	0	0	0	0	7010	0	0	0	0	0	0	0	0	0

end